X1,X2,X3,Y1,Y2,Y3,Z1,Z2,Z3
-0.010482013112364,-0.315051975467299,0.949016533130622,0.482701851231173,0.829571754882518,0.280730522599767,-0.875722016520717,0.461034658410072,0.143380589779778
-0.01142952504601,-0.315926070124617,0.948714964661588,0.481413525735274,0.829841962130428,0.282140630052912,-0.876419068252372,0.459948949453238,0.142606383799982
-0.0131709941725917,-0.315544826500084,0.948819259596651,0.480125676006012,0.830358782450423,0.282813768489479,-0.877100826674035,0.45927742691807,0.140564522448738
-0.0146826906110567,-0.314443152159014,0.94916274824538,0.478868710374644,0.831108936608905,0.282741390165892,-0.877763736332588,0.458675745542664,0.138374071380212
-0.015211831273827,-0.312940050063149,0.949651054469888,0.478487270238559,0.831672882304065,0.281727082581178,-0.877962716981165,0.458681525577958,0.137086562742407
-0.0157520362492557,-0.311054033964788,0.950261680437675,0.478357726391823,0.832215021936906,0.280342723935901,-0.87802378040418,0.458980985681093,0.135686019279676
-0.0166271628473833,-0.309432901701951,0.950775902513288,0.477731015491442,0.832885212622329,0.279419575965203,-0.878348799904208,0.458861092204785,0.133977176293088
-0.0185170921992829,-0.308272887297721,0.951117734170491,0.476031426780535,0.833822950239516,0.279523466584038,-0.879233301242492,0.457937893836048,0.131307605930626
-0.0199617635187422,-0.307108343411665,0.95146518244451,0.474141985218586,0.834926663065807,0.279440235389923,-0.880222077574858,0.456707710367079,0.128946351018786
-0.019537633515902,-0.306733350080108,0.951594941571902,0.472727354079948,0.835833725093253,0.279125120154578,-0.880992127990466,0.45529840318781,0.128671031990345
-0.0190940570512842,-0.306678607790093,0.951621588925584,0.471848853421672,0.836370330198555,0.279004176112499,-0.881472674851567,0.454348877282085,0.128736246653897
-0.0191325857836293,-0.306981568181724,0.951523126864461,0.470722906684141,0.836855073578051,0.279452197968649,-0.882073630307621,0.45325037520488,0.128492054589259
-0.0203371382883289,-0.307355842840239,0.951377310365455,0.468932854447572,0.83748103535166,0.280584200278569,-0.882999648259213,0.451838357488912,0.127097285084413
-0.0215984802684328,-0.307758221167974,0.951219418932151,0.467618130358976,0.837843439814538,0.281694257164247,-0.883666673474602,0.450891614097297,0.125817178982302
-0.0242360964316796,-0.307754551729796,0.95115705723048,0.46697043386098,0.837775544652831,0.282967755550593,-0.883940736435109,0.45102025749543,0.123407867655645
-0.0259248584022424,-0.307649706050334,0.951146445130279,0.467150192761853,0.837458130735816,0.283609902272535,-0.883797827061929,0.45168079174525,0.122007636027408
-0.0275870251862148,-0.307212201297551,0.951241094263325,0.466855343731929,0.837485873990675,0.284013201973109,-0.883903300180691,0.451927067390291,0.120319913936531
-0.0282449040548009,-0.306958042664754,0.951303834449519,0.466975570961216,0.837399790549185,0.284069369896909,-0.883819009481229,0.452259163347304,0.119689630494939
-0.0289888337935672,-0.306871046221336,0.951309522976781,0.467195599030363,0.837199343408199,0.284298314528139,-0.883678629232341,0.452689099038074,0.119099369646307
-0.0310841722472691,-0.305980893836597,0.951530066179025,0.467270800730469,0.837105718641723,0.284450372828075,-0.883567639188086,0.453464120327377,0.116955198923818
-0.0327079449394071,-0.305158939414601,0.951739571538977,0.466623078301276,0.83743471680393,0.284545247523417,-0.883851284512548,0.453410538901421,0.115003435073223
-0.0335367236677831,-0.304852846979739,0.951808820012706,0.466530426648448,0.83744662753233,0.284662092744967,-0.88386913577568,0.453594408831364,0.114137912632383
-0.0338204485509294,-0.304851633189858,0.951799169468691,0.467693213414511,0.83680565119351,0.284638999886898,-0.883243587797739,0.454776630745338,0.114275897467909
-0.0345171032190085,-0.304607566657733,0.951852299424771,0.469356808139347,0.835912393964915,0.284525317448359,-0.882333698913632,0.456579346828895,0.114116360837031
-0.0357671511622999,-0.303924922700417,0.952024344362726,0.470680267550936,0.835236237027339,0.284324663183817,-0.881578582223906,0.458268556326918,0.113177443186042
-0.036906474640192,-0.302700886973587,0.952370770842447,0.472485538010732,0.834482906232103,0.283541347209067,-0.880565345956983,0.460445927587407,0.112223969221513
-0.0370199483220598,-0.301718655139442,0.952678002562817,0.474131879523319,0.833894191661466,0.282523340510045,-0.879675215204974,0.462154011401087,0.112183713167139
-0.0367531763770122,-0.301264464613601,0.952832055709337,0.476298939768028,0.832928541127948,0.281725691675999,-0.878514953772588,0.464187211947451,0.112879175503718
-0.0359568528127616,-0.301042012102237,0.952932742477263,0.478652991644497,0.831871339135693,0.280858307184178,-0.877267586501162,0.4662228888354,0.114183184402958
-0.0352036789437929,-0.300862581165951,0.953017527773222,0.481841794305582,0.830340877389442,0.279933050203989,-0.875550790216764,0.469058348812057,0.115737112286885
-0.0324266998952799,-0.300807820937991,0.95313334009279,0.483267816601597,0.830028387590793,0.278397365703329,-0.874871834368341,0.469646176026129,0.118455657412418
-0.0310702901894136,-0.301436755875331,0.952979810528482,0.483498132591498,0.82993370544431,0.27827971601971,-0.87479380018841,0.469410190318481,0.119957827494032
-0.0289489055766729,-0.302194866264319,0.952806498544906,0.482868978565172,0.830381219971438,0.278037010230963,-0.87521397978171,0.468129567878634,0.121881898871095
-0.0280375299076196,-0.302708344262034,0.952670748596186,0.483018382270754,0.830293708400979,0.278038846527413,-0.875161207609902,0.467953006298591,0.122934310063905
-0.0264511282204117,-0.303907765202476,0.952334189276802,0.483940569010947,0.829697934440355,0.278213700688463,-0.874701013764834,0.468232215716781,0.125126850370839
-0.0255358313689388,-0.304863470785423,0.952053667340745,0.486039590252167,0.828435885058161,0.27831547038461,-0.873563642801028,0.469842791291477,0.127020917362578
-0.0241336902827527,-0.30564157324103,0.951840739672391,0.488160486106306,0.827286075770001,0.278023539725555,-0.872420142361346,0.471360772173312,0.12923667303977
-0.0232149441530316,-0.306135374467606,0.951704890639714,0.490958452555979,0.8257705197055,0.277601957214188,-0.870873621274528,0.47369207433193,0.131129533223078
-0.0224252093380788,-0.306319271490951,0.951664654118979,0.492864137862921,0.824803500857976,0.277099488597629,-0.869817251837869,0.475255393326242,0.132477392484665
-0.0225473885151179,-0.305723599926967,0.951853295271306,0.493411109457342,0.824658213670897,0.276557964429158,-0.869503934628949,0.475890650331377,0.132253531491437
-0.0233048840624724,-0.304346638520601,0.952276223582236,0.493174842294825,0.825066676195343,0.275759958586164,-0.869617995045128,0.476065230250204,0.130868022222815
-0.0236291249217642,-0.304223884351496,0.952307456993549,0.491160596543351,0.826150819930878,0.276108839283926,-0.870748490012249,0.474260108925077,0.129901563592452
-0.0241039449295351,-0.303850169902828,0.95241486448336,0.489207335076043,0.827245702590431,0.276298264296864,-0.871834378277566,0.472588215887453,0.128705847022131
-0.0251103141008405,-0.303250351083196,0.952580021149759,0.487457737264019,0.828208332480994,0.276506622688306,-0.87278544127821,0.471285669819239,0.127025158594003
-0.0253382427364036,-0.302506154212886,0.952810579348467,0.485504276383779,0.829440888156678,0.276248820209109,-0.873867021387176,0.46959327051949,0.125851456943155
-0.0270889709727436,-0.301076618163754,0.95321511614468,0.484514159155084,0.830114400332648,0.27596396855135,-0.874363892912945,0.469321800426366,0.1233889395962
-0.0301241463410383,-0.298438061464004,0.95395348905323,0.484261874558104,0.830541162662406,0.275121453130885,-0.87440435306367,0.470251103765835,0.119502831557747
-0.0326097381641554,-0.298646459570164,0.95380653025814,0.48370335706727,0.830394725169931,0.276542334501986,-0.874624300679279,0.470377393797961,0.117377340509656
-0.0353318389279869,-0.29678795047026,0.954289564866781,0.481712567143431,0.831578734704828,0.276459419522654,-0.875616733402264,0.469461095770864,0.113585279607736
-0.0355945274473857,-0.296273856438072,0.954439537952567,0.477321992979699,0.834027822075093,0.276697139527255,-0.878007257734061,0.465423886361658,0.111731201418066
-0.0352137846976105,-0.297182249607895,0.954171210991644,0.471605365328423,0.836828663981856,0.278039865004619,-0.881106332266835,0.459783098489204,0.110684838993208
-0.0336631783860153,-0.296820412927583,0.954339789011467,0.465145297419856,0.840508082018935,0.27782371451884,-0.884594055320939,0.453259094261054,0.109770445751594
-0.0319638930099478,-0.295736963338214,0.954734496108285,0.458681349059335,0.844355614307171,0.276902539918053,-0.888025748257761,0.446769789828556,0.10866013679262
-0.031839812831261,-0.293595517174067,0.955399339864835,0.453040922139577,0.847809741624163,0.27563121171974,-0.890920955632873,0.441611044135518,0.106016680346752
-0.0329271122489752,-0.290056435346437,0.956442925423709,0.450265067224863,0.850043426296258,0.273290216889496,-0.892287607510007,0.439651495760718,0.102612805046107
-0.0341383082482044,-0.288082281148628,0.956996956734008,0.449943558837963,0.850594434035142,0.272102742817239,-0.892404263644106,0.439883743819477,0.100582911834874
-0.0355058649081907,-0.285487438016162,0.957724520043258,0.450163524640572,0.851029873194999,0.270371884656819,-0.892239953510432,0.440732433188972,0.0982994796274662
-0.0353645619120161,-0.285866742503539,0.957616600363207,0.450302422055507,0.85087383582856,0.270631565404588,-0.89217547402499,0.440787841294209,0.0986357060879879
-0.0354974712398591,-0.286876845087108,0.95730956606964,0.450662519281928,0.850391258937686,0.27154741839473,-0.891988353763681,0.441062787452358,0.0990979024738393
-0.0341324138034113,-0.287412842772185,0.957198430910521,0.450618997306614,0.850452075244299,0.271429156464532,-0.892063617459167,0.440596329447121,0.100485704870837
-0.0327372255288112,-0.288120078552928,0.957034531456065,0.450262038287589,0.850622851463347,0.271486392744592,-0.892296122899669,0.439804030112299,0.101882501712505
-0.0318178472039147,-0.288916727047859,0.956825349492404,0.450713299308328,0.850302911637361,0.271739728945967,-0.892101533697768,0.439900083306401,0.103163803153583
-0.0320717219101351,-0.289416600299881,0.956665791237764,0.45061798556118,0.850172192299003,0.27230621463766,-0.892140591915032,0.439824140893114,0.103149839287954
-0.0322529194659348,-0.290038595305944,0.956471307681981,0.45100538206005,0.849778384181447,0.272893464800528,-0.891938279556827,0.440175318493579,0.103401133699221
-0.0334028518425765,-0.289698668413786,0.956534856138584,0.452697093934279,0.848875865611121,0.272901275054605,-0.891038489983593,0.44213623047908,0.102790870535804
-0.035085779271377,-0.289616843683159,0.956499384185858,0.455323295798092,0.847351289617534,0.273269991559747,-0.889634579137121,0.445104342641707,0.102139315471619
-0.0375653176701398,-0.288297783476469,0.956803655381237,0.457215916357396,0.846422166916012,0.272989232722958,-0.888562014007918,0.447720787317004,0.100018217672752
-0.0410123080461005,-0.286525186473227,0.95719449857655,0.458708752272037,0.845675977221616,0.272797401269323,-0.887639719242984,0.450261545178741,0.0967484870966469
-0.0439628948923609,-0.284131991958724,0.957776735475576,0.459710717035062,0.845420306939901,0.271901749271227,-0.886979887323152,0.452253817849238,0.0934513976620794
-0.0467746018507241,-0.28151947971166,0.958414794942452,0.461076957357117,0.845054168288668,0.270724014546643,-0.886126501136271,0.45456598552996,0.0902750728782138
-0.051101643331408,-0.278421570959336,0.959098561605305,0.461234975302029,0.845219357893938,0.269938019922159,-0.885805237965416,0.456164077789883,0.0852256682410838
-0.0571654584309717,-0.276029614121181,0.959447634053307,0.458450354094402,0.84644655235081,0.270834833144013,-0.88687957648888,0.455341504962528,0.0781583691319469
-0.0643209811439404,-0.273137146768556,0.959822332746958,0.45452424688679,0.848238819935988,0.271842993924063,-0.888408982606928,0.453747731023235,0.0695879027891236
-0.0710885001019921,-0.27093523337778,0.959969022660511,0.451742231744945,0.849303017058031,0.273154427520812,-0.889311745796346,0.453076687251346,0.0620172093696642
-0.0779984901805312,-0.268579905373919,0.960094302638493,0.451639678804651,0.849020828172333,0.274199259405999,-0.888784471094534,0.455003810708112,0.0550789994671939
-0.084237738928076,-0.266544498885484,0.960134383018425,0.453516031505707,0.847719730914364,0.275126274619115,-0.88725825581259,0.458612350392316,0.0494722099772791
-0.0883780459830019,-0.263915969667178,0.960488251850516,0.457354803779916,0.845857837750573,0.274501551499004,-0.884881859034109,0.463543826698791,0.0459479736417155
-0.0898149171487335,-0.262723180176378,0.960681951144902,0.462355185695346,0.843343592220577,0.273859941797108,-0.882134322491869,0.468772989898633,0.0457265898937147
-0.0895148350129281,-0.261277229591566,0.961104210587782,0.465640897667994,0.842046450859472,0.272279872583177,-0.880434920213614,0.471902515242208,0.0462857146053162
-0.0897655428297517,-0.258993546133453,0.96169875240727,0.466636393115005,0.842118559684051,0.270345719507963,-0.879882164804526,0.473031367349861,0.0452625845707317
-0.0869067785667419,-0.259259571867259,0.961889643480143,0.466799139477888,0.842387280703191,0.269225245272776,-0.880082822933078,0.472406756624721,0.0478129801775301
-0.0863328726120084,-0.259292354259883,0.961932487302995,0.46767421666616,0.841994199398032,0.268936043039531,-0.8796746342667,0.473089043629668,0.0485725707093349
-0.0840392321883998,-0.258310588356641,0.962399629777584,0.472471495235829,0.840018348053947,0.266720567490281,-0.877330093888728,0.477121383796161,0.0514498929214873
-0.0768194916022359,-0.260839503716743,0.962320902303788,0.476297879844208,0.838321192811588,0.265250650025347,-0.87592185459999,0.478727825579169,0.0598378947687341
-0.0711916954495628,-0.260559115298442,0.962829522778519,0.483403805798912,0.835333406907902,0.261799273953854,-0.87249785274128,0.484073389826926,0.0664864664674313
-0.0643508384315416,-0.25990927136781,0.963486450475673,0.490360811986461,0.832651679903781,0.257366380907435,-0.869140520089322,0.489017740588689,0.0738674876274888
-0.0601944818212726,-0.255529931118704,0.96492542647644,0.496182673963239,0.831129321831817,0.251051398024534,-0.866128961770104,0.493891187098792,0.0767601256459889
-0.0544628309548337,-0.256102784679786,0.965114067726528,0.497747013832445,0.830935069987555,0.248585638534611,-0.865610599672433,0.493921322827873,0.0822193200573619
-0.0499478908437121,-0.255786910258677,0.96544200485611,0.496379221276753,0.832452434017924,0.24623284464571,-0.866667685381744,0.491524161804844,0.085388064020079
-0.045857003832471,-0.257512092075635,0.965186333116222,0.493009791683668,0.834500816768983,0.246068551659747,-0.86881441085167,0.487130279542064,0.0886882757174591
-0.0437999361376776,-0.259678249065655,0.964701390356898,0.489614348083505,0.836134173351071,0.247300291761425,-0.870838306314725,0.483163379320823,0.0905195732324401
-0.042037941439738,-0.26081414713833,0.964473323701602,0.48782830361788,0.837080832359896,0.247627192135608,-0.87192680751816,0.480907122787934,0.0920433679469634
-0.0403171615312344,-0.261083666744072,0.964473869757774,0.488760326935642,0.836740820908514,0.246937525376584,-0.871486012107956,0.481352384002424,0.0938723234790422
-0.0377137451496968,-0.261181193497227,0.964552775948599,0.492260573101274,0.835143530731259,0.245387064140985,-0.869630497163473,0.484065767474928,0.0970728137128031
-0.03517818948642,-0.263589180939553,0.963993381033331,0.496266078950016,0.832652004933548,0.245785714726712,-0.867457476691529,0.487043511784891,0.101519179272718
-0.0337862564800551,-0.264506058250349,0.963792007656178,0.498756921149055,0.831215633922565,0.245605585296067,-0.866083149864365,0.488996027664408,0.103840562640277
-0.0344853681093436,-0.264438199011486,0.963785867446667,0.498344606894627,0.831365031887909,0.245936651463453,-0.866292913606825,0.488778705200603,0.103111421176412
-0.0361043553073421,-0.26360188739925,0.963955663133629,0.494817112560419,0.833328419385812,0.246413819744985,-0.868246797083186,0.485878369968758,0.100347939447162
-0.0374503996971293,-0.263146268182035,0.964028790599323,0.489585967705321,0.836161989680693,0.247262425854128,-0.871150416282154,0.481235045019679,0.0975181196308568
-0.0381063574426671,-0.263237429368681,0.963978195449368,0.483902121549483,0.839163014523047,0.24828244363326,-0.874292080647172,0.475932233449219,0.0954037047586557
-0.0383990252220257,-0.261910258113725,0.964328020725728,0.479916883036888,0.841622070453369,0.247693512030378,-0.876473217068358,0.472308487347609,0.0933776875985732
-0.0390636801554695,-0.259655700605825,0.964910848750085,0.479521710203199,0.842320372659684,0.246079904190185,-0.87666011563006,0.472308487056235,0.0916064119925013
-0.0393666180504969,-0.259446606571962,0.96495478014338,0.481860411712623,0.841067879136689,0.24579537487238,-0.875363246319725,0.474649640285132,0.0919070507076932
-0.0412799655146311,-0.258895429371672,0.965022860401539,0.48582918366727,0.838777813319482,0.245808429839542,-0.8730784436374,0.478983231996116,0.091154235898561
-0.0438526548708745,-0.259050169735107,0.964867842878489,0.488886663483979,0.836690920475598,0.246856504595685,-0.871244383011035,0.482536333506513,0.0899550549875439
-0.0455222792627161,-0.257933369826521,0.965089684340612,0.49031293638477,0.835947563239644,0.24654593066495,-0.870356792645678,0.484419289710512,0.088413829528478
-0.0459297337932021,-0.257444485893539,0.965200909778217,0.49005462389875,0.836158245604534,0.246344989604015,-0.870480858577108,0.484315728621897,0.0877573350797583
-0.0444943434464264,-0.25719191505455,0.965335471342395,0.489064693421026,0.836975582907323,0.245535332011392,-0.871111921081481,0.483036429731258,0.0885428060443686
-0.0439309449041034,-0.2554404651064,0.965826195992871,0.485702039682179,0.839354880725877,0.244083823409542,-0.873019816916205,0.479826586370405,0.0871943018993842
-0.0464116081455738,-0.251631637136836,0.966709616079812,0.48117742991467,0.842446739455747,0.242387648449943,-0.875393764868162,0.476408449098268,0.0819801564875874
-0.0511706063668614,-0.246539457752913,0.967780897112021,0.47705837069361,0.845307287737954,0.240563713490339,-0.877380692741302,0.473997769053825,0.0743588255474126
-0.0542951101111656,-0.241230453648075,0.968947836186634,0.473802011386575,0.847956595062226,0.237657877833899,-0.87895602564864,0.471993094359674,0.0682555774477613
-0.0565653476385627,-0.236849907958631,0.969898181535833,0.472983631353166,0.849166671175613,0.234952014327397,-0.879253573162203,0.47203610631446,0.063992721593807
-0.0572178444524406,-0.233919467213637,0.970570863530688,0.471816313235263,0.850414640490414,0.232775225925449,-0.879838328808936,0.471250063233998,0.0617081279950365
-0.0589376211590529,-0.231258776681807,0.971105419107393,0.469065687226156,0.852300044264078,0.231434689738821,-0.881194494921051,0.469152440849543,0.0582430198886519
-0.0600086366777727,-0.228696528037554,0.971646469446395,0.465041058839974,0.854906045164155,0.229940139024875,-0.883252951943593,0.465653897229854,0.0550515292937223
-0.0624922033156646,-0.227328637495555,0.971810894721379,0.4609315270892,0.857077745762188,0.230130104624374,-0.885232654085903,0.462319617033088,0.0512222592864312
-0.0629063497380271,-0.22725513524736,0.971801365849185,0.457382567540845,0.858889041398101,0.230457808450908,-0.887042263971893,0.458982263350072,0.0499129628219317
-0.0613527613188489,-0.227683389738718,0.971800449020085,0.457007496003533,0.859171754516571,0.23014787602213,-0.887344345378463,0.458240297527404,0.0513404562393365
-0.0597887827906252,-0.227135212087998,0.972026181171143,0.458489264963362,0.858725801387785,0.228861512588426,-0.88668646959665,0.459346920595585,0.0527968860216439
-0.0584288369536486,-0.22701023609004,0.972138068240612,0.460243550668027,0.858010455919516,0.228021778787186,-0.885867904983994,0.460743323601253,0.05434744406262
-0.0579761157120821,-0.227319702636729,0.972092857087268,0.460709028833322,0.857750909432757,0.228058255975825,-0.885655667151967,0.461073887962035,0.0549991734590299
-0.05641683559101,-0.228654173438484,0.971871601411967,0.458771916003046,0.858632826651109,0.228643823629724,-0.886761224766166,0.458766757695335,0.0564587662362464
-0.0539661944206535,-0.230275139595519,0.971628020357594,0.456303365061704,0.859820270863775,0.229120799678049,-0.8881862917728,0.455721912898653,0.0586740931832357
-0.050959449926177,-0.2309302501371,0.971634887205496,0.454080754507338,0.86116384135215,0.228489620625656,-0.889501997102462,0.452844408068849,0.0609765465692037
-0.0492199058514064,-0.229668518407211,0.972023545250122,0.453593990110336,0.861913968833748,0.226620392871078,-0.889848241557943,0.45205827277232,0.0617529352690466
-0.0498210885971927,-0.227167507790673,0.972580476122755,0.452551749674324,0.862952576782396,0.224743774310504,-0.890345311099968,0.451339975660031,0.0598118163367732
-0.051892359814141,-0.225407196930681,0.972881687855606,0.45159957354579,0.863599026660159,0.22417525805692,-0.890710395227416,0.450985938498618,0.0569796025814568
-0.0540550245407308,-0.224407603787196,0.972995005991495,0.452715034117744,0.863010471359135,0.224191936091049,-0.89001525391741,0.45260816794107,0.054942643796576
-0.0552682339170508,-0.224132502241965,0.972990258819915,0.45624730440203,0.861125379205691,0.224279911079292,-0.888135023262551,0.456319737384446,0.0546669710869294
-0.0574553803391493,-0.2229879917123,0.973126525597879,0.4591809086594,0.859614667218329,0.224088190286435,-0.886482809981565,0.459716194467018,0.0530023410044485
-0.0593637436073496,-0.222704647137571,0.973076865457324,0.460926750955487,0.858543168476369,0.224611126430051,-0.885450436895561,0.461850915345945,0.0516841928985361
-0.0615120745990409,-0.22153662345523,0.973210043693846,0.460624737942032,0.858711624180523,0.224586725549579,-0.885460962140261,0.462099416754991,0.0492241156379721
-0.0639378430468363,-0.22053507879152,0.973281167622664,0.459943794974191,0.859005929561818,0.224856661992427,-0.885643075788016,0.462031483775788,0.0465107547636787
-0.067680400671753,-0.218980992247729,0.973379005526168,0.457639249738589,0.860114598639216,0.225320203946298,-0.8865583344956,0.460706199482816,0.0420013963397364
-0.0719891091624424,-0.216654073984021,0.973590560958827,0.45516288741152,0.861420273424562,0.225348304755904,-0.887493275515486,0.459364914593266,0.0366000157857344
-0.0741042260090023,-0.215208555753219,0.973752453767497,0.451978454795656,0.863144641141393,0.225159509835645,-0.888945465193528,0.456800400612248,0.0333069649225436
-0.0750289479284431,-0.214478924959637,0.973842619585377,0.451919810832986,0.863233562283484,0.224936216568262,-0.888897711522214,0.456975500104244,0.0321597692007693
-0.075568521774468,-0.212924060663962,0.97414205478831,0.453876870282251,0.8625186316891,0.223735103664919,-0.887854258952228,0.459047878090654,0.0314620482622652
-0.0790467707570379,-0.206064279498688,0.975340515280469,0.45568466800671,0.862728995595569,0.219203475114506,-0.886624549274663,0.461775045745596,0.0257043916511092
-0.0775304219627558,-0.207782868694226,0.97509759160172,0.457195322421481,0.861732122916002,0.219977693165917,-0.885980513795984,0.462865021158305,0.0281869005377778
-0.0769041112342345,-0.208195433669514,0.975059187472451,0.458221305476228,0.861176309264122,0.220019543608943,-0.885504936679031,0.463713301255624,0.0291715847302985
-0.07482175060584,-0.209627220767988,0.97491442391082,0.459553564064672,0.860401059806679,0.220273779735585,-0.884992783807718,0.464506667978656,0.0319582229110448
-0.0729896734035698,-0.210991001603904,0.974759100916027,0.461022953913251,0.859538107302919,0.220572160662254,-0.884381333781724,0.465485810026789,0.0345342890785849
-0.0713789589865857,-0.211339595493441,0.974802861911402,0.464780255883547,0.857665125916375,0.219976920443196,-0.882544252689244,0.468770847177506,0.0370072274247569
-0.0679364815814042,-0.211464451611422,0.975021753693229,0.469286556729014,0.855644442232351,0.218272114916941,-0.880428737686229,0.472393241041369,0.0411079514773642
-0.0643240618046517,-0.212676120911418,0.975003221875201,0.473816436028787,0.853366280450593,0.21740279744957,-0.87827125651585,0.475956782685143,0.0458774562729656
-0.0605985698409223,-0.214403031050509,0.974863658984983,0.478193693291838,0.851050075463726,0.21689758124308,-0.876161289392054,0.479317336771309,0.0509537598348968
-0.0577296000934409,-0.216597995269715,0.974552513576458,0.480542546253276,0.849623703161051,0.217298007969055,-0.875069228411941,0.480858473432716,0.0550361155468679
-0.0559598259343616,-0.219667783216968,0.973968460935948,0.479720340254317,0.849604548801793,0.219181444929956,-0.875635136930719,0.479497836983488,0.0578353810437653
-0.054809229537104,-0.222231529541597,0.973452153747246,0.477775239631699,0.850228942701459,0.221001279153837,-0.876770647747985,0.47720424586372,0.0595763290008422
-0.0531914877434887,-0.224750420656833,0.97296347004716,0.475194449311347,0.851253749357654,0.222614666067225,-0.878271541708668,0.474188045630754,0.0615206990009608
-0.0520420281195952,-0.227071849402689,0.972486505057032,0.47578625975845,0.850543658983997,0.224060079414381,-0.878019966933705,0.474356257860015,0.063773648905951
-0.0490166196202825,-0.230009101260266,0.971953283002041,0.478449003715265,0.848801552626677,0.224994389046511,-0.876746212905919,0.476058544294698,0.068442242505211
-0.0451441786665696,-0.232906083413283,0.971450852818405,0.483443603650216,0.845893526426274,0.22526966959583,-0.874210664097741,0.479811315267999,0.074409787787493
-0.0418966163730648,-0.234214424868855,0.971281769992539,0.487400398098922,0.843824042641621,0.224503534477666,-0.872172875907925,0.482809059818997,0.0788028317206653
-0.038918601583784,-0.236284993474624,0.97090408605045,0.490176374881328,0.842186600978835,0.224608215878039,-0.87075396293038,0.484655682923881,0.083044596757553
-0.0360681624357895,-0.238629850662678,0.970440560792475,0.491033728149088,0.84153368711877,0.225181995870666,-0.870393569299839,0.484640947317699,0.0868227314963662
-0.0335274587364773,-0.24085339726365,0.969982242382422,0.490936708087436,0.841399300682187,0.225894589275172,-0.870549859665111,0.483773560499213,0.0900337936497687
-0.0308022275792913,-0.242413191037015,0.969684003986559,0.489863962060433,0.84198272286987,0.226049536746031,-0.871254567535005,0.481976077414525,0.0928145427694357
-0.0289249605377039,-0.243685563763266,0.969422865766674,0.488374746684272,0.842749237563484,0.226415170399954,-0.872154489444941,0.479990696367696,0.0946333870337949
-0.0264151638694069,-0.243455697277928,0.969552248504778,0.487608403516395,0.84354495727854,0.225099866437406,-0.872662754984962,0.478707873878072,0.0964286655989368
-0.0234283611438741,-0.242775472499354,0.969799557561678,0.488997204065588,0.843318322009583,0.222925867002865,-0.8719706682625,0.479452059872159,0.0989589610605999
-0.0214862818254825,-0.24255293420987,0.969900208165509,0.490982530881909,0.842520543086292,0.22157456723725,-0.87090441155279,0.480964872505011,0.100986619678685
-0.0215130972660468,-0.24136371245883,0.970196240434951,0.491521578096853,0.842490192296375,0.220492208818354,-0.870599635257907,0.481615857496936,0.100510899390517
-0.0237189059927983,-0.241197652230018,0.970186119287033,0.489616404494921,0.843302404765982,0.221623172446788,-0.871615276339264,0.480275698609288,0.0980921167953325
-0.0257519470678818,-0.242001058825156,0.96993418578258,0.486821093995691,0.844396998718156,0.223604407372954,-0.873122018771175,0.477942670289308,0.0960663533901097
-0.0278829126986811,-0.241463800294855,0.970009163011672,0.484617739757419,0.84545560537287,0.224389094333937,-0.874281527593857,0.476340269650552,0.0934438762969074
-0.0298096307411474,-0.239850156942067,0.97035214645506,0.483583290057757,0.846149287677618,0.224005768987262,-0.87479059636692,0.475923612754741,0.0907641301973593
-0.0305962212405235,-0.238250074097199,0.970721779625079,0.48419147908085,0.846087788738827,0.222921657387838,-0.874426945394125,0.476835774601404,0.0894715665950862
-0.0321707206613357,-0.236832305144412,0.97101776707335,0.484050536901019,0.846292860712097,0.222448806770392,-0.874448467582833,0.477178009916341,0.087412953241007
-0.0328740800688737,-0.236470728038035,0.971082328971538,0.483103894211261,0.846803889899131,0.222561900265108,-0.874945668174625,0.476450172455486,0.0864020307029686
-0.0332203122187599,-0.237533383595451,0.970811156988724,0.481364373170105,0.847461427985337,0.223824637427619,-0.875890832865969,0.474749428388017,0.0861871750703693
-0.0336709239408455,-0.238032198949014,0.970673447223353,0.480077968932838,0.847986006782985,0.224599367865469,-0.876579381816782,0.473561405272584,0.0857215422747684
-0.0349773689638163,-0.236332366917469,0.971042530483375,0.480297481059709,0.848096703558049,0.223710328553846,-0.876407960568631,0.474214080095855,0.0838456492059933
-0.0369750687498758,-0.232210977076038,0.97196239969267,0.481421995320784,0.848182017610866,0.220952771928563,-0.875708688270419,0.476093821769356,0.080429883505765
-0.0392287265130345,-0.228682540370278,0.972710338562288,0.483346798814418,0.847651801897076,0.21877452963381,-0.874549586411211,0.478738674508794,0.0772806731178218
-0.0420595401713772,-0.225906099900252,0.973240684059411,0.484197247768515,0.847459701448698,0.217635198609687,-0.873947378469646,0.480394097016544,0.0737393464691166
-0.0462043106794553,-0.22466357246301,0.973340352026358,0.48561020333261,0.846447098164515,0.218426281450134,-0.872953545209536,0.482756242028034,0.0699894184078763
-0.0508800637108749,-0.224536181782772,0.973136538306517,0.487101931651783,0.845063363460999,0.220453214803244,-0.871861759281756,0.48523336118449,0.0663751300994822
-0.055649885585752,-0.224338251729589,0.972921085723402,0.490432868184472,0.842636615423951,0.222349131213101,-0.869700346118503,0.48952618230058,0.0631302210005243
-0.0589186156088605,-0.22296503702072,0.973044289331726,0.49431159980183,0.84033094302632,0.222485838861381,-0.867285788558818,0.494095636955889,0.0607030683331875
-0.0626866984834712,-0.220826071770265,0.973296575489586,0.498361727073879,0.838003767370872,0.222227979471905,-0.864699928773666,0.498984500659829,0.0575195730171788
-0.0665941927531296,-0.216934764300903,0.973911968059368,0.502187853570842,0.836150957803516,0.220587704757481,-0.862190566648389,0.503776620936279,0.0532592055944857
-0.0716464904011899,-0.211868335309295,0.974668450759775,0.50402200733133,0.835548977241148,0.21867721133435,-0.860714003917032,0.506921803757285,0.0469221518749064
-0.0769797149475453,-0.206127128881372,0.975492557750041,0.503106655818067,0.836668221351053,0.21649475802621,-0.860789066123726,0.507442503265531,0.0392974492996128
-0.0815944971570515,-0.203391897540759,0.975691587566715,0.500414041851313,0.838256695364669,0.21659062628456,-0.86193278435834,0.505922374175203,0.0333830279813674
-0.0856536411955596,-0.201387142613829,0.975759536227948,0.495786789701713,0.840878189130822,0.217069874006823,-0.864209993524266,0.502361513089833,0.0278208062227282
-0.0894989284558936,-0.200099417943064,0.975679334999002,0.490412370291343,0.843775606798432,0.218033099407327,-0.866882719213201,0.497998944086015,0.0226142171816952
-0.0928682275318188,-0.19892638719322,0.975604317740216,0.48302016055184,0.847818573419497,0.218849699715133,-0.870670440991063,0.491560737898363,0.0173500472980426
-0.095247171929413,-0.198285543143522,0.97550541752454,0.479274396360356,0.849767937161505,0.21952336086553,-0.872481535181614,0.488443749425212,0.014095191186172
-0.0971481321763822,-0.195978686410727,0.975784092352077,0.444433120951865,0.868700824461632,0.218719177441452,-0.890528742610605,0.454918929098808,0.0027067567250354
-0.0987517198804606,-0.193539131027239,0.976109984879712,0.445060546350951,0.868741580107454,0.217276729251424,-0.890038879994826,0.455884493872763,0.000346906227991241
-0.101239034365411,-0.191403445257041,0.976276282137641,0.448427604270238,0.867197739160925,0.216519664055333,-0.888067194332283,0.459709476014923,-0.0019636733108348
-0.106027244341095,-0.189151806948782,0.976206851740677,0.449914592284673,0.866373091684113,0.216736073727998,-0.88675536824242,0.462189636333099,-0.00675699337927145
-0.110545216912954,-0.186869239827737,0.97614529770105,0.449778773937364,0.866427307809681,0.216801233384571,-0.88627242399449,0.463015774556194,-0.0117295771048014
-0.114677640682828,-0.185299946989284,0.975967708673391,0.449935108342601,0.86621369452535,0.217329780972316,-0.885667791560781,0.464045003272864,-0.0159623910908216
-0.117747306937762,-0.183439885366614,0.975953574800353,0.45078021431702,0.865825288856117,0.217126155857656,-0.884834882952298,0.465506581729953,-0.0192575252015661
-0.120962035170505,-0.180718373032652,0.976068161398496,0.451056192842624,0.865908136292763,0.216220744611405,-0.884260423713358,0.466416090149583,-0.0232278691198503
-0.124086300790136,-0.177423604035169,0.976280418059991,0.452522031020634,0.865495298016872,0.214806193001147,-0.883077800308207,0.468442903502505,-0.0271080202331744
-0.125692430554051,-0.175823443386543,0.976364445100862,0.454772213496465,0.864461253882643,0.214217119687419,-0.881693624074112,0.470948890317566,-0.028696619586843
-0.125976858065302,-0.173592396095712,0.976726937915477,0.458376793117889,0.862980677733719,0.212497212662214,-0.879784375152773,0.474478692752372,-0.0291448685199558
-0.125620799614482,-0.172049732577136,0.977045702218865,0.45681753147783,0.864195570812529,0.21091173111638,-0.880645875274914,0.472826506139559,-0.029965604501455
-0.124948794102887,-0.16940251199237,0.977594285878814,0.454992127774418,0.865817728591871,0.208186994116638,-0.881685863851486,0.470810418094894,-0.0311060717187154
-0.121598610775256,-0.169675759301074,0.977969280991551,0.454774189267739,0.866255142303589,0.206839225507298,-0.882266521315072,0.469906549367204,-0.028171266006504
-0.116536495231772,-0.172089821365833,0.978163758611701,0.455626019924393,0.865861033937394,0.206614616803177,-0.882510155888844,0.469755003476432,-0.0224958098744076
-0.113040584668937,-0.172169556744954,0.978559895942988,0.458271531872,0.86482505150882,0.205097131521767,-0.881594594637124,0.471630442203441,-0.0188599229476669
-0.109497645418407,-0.172293401248509,0.978940881531691,0.460429087468408,0.864039249810307,0.203571191970404,-0.880917317948077,0.473023422964933,-0.0152813698896364
-0.103720333946006,-0.174328214629777,0.979209766041027,0.463392837719799,0.862667041050538,0.20266389474966,-0.880062026380028,0.474779159050925,-0.00869366751005582
-0.0958801888179485,-0.176074986878717,0.979696171467407,0.465447661687218,0.862069344643155,0.200486705934387,-0.87986673060307,0.475219995393902,-0.000701680614244511
-0.0913641685416652,-0.178460137298089,0.979696161114372,0.470061578888461,0.859578577083698,0.200416520954865,-0.877892191991464,0.47882841312344,0.00535257191551154
-0.0876123539614258,-0.18021037109635,0.979718478738997,0.468627493803533,0.860417807690201,0.200173595314186,-0.879040583525446,0.476660695210864,0.00906830504221934
-0.0843683134307674,-0.181740081437631,0.979720639002716,0.473500601373951,0.857809367559637,0.199900648886996,-0.876743501936201,0.48076359234657,0.0136821082683493
-0.080901435797346,-0.183184876330171,0.979743976133473,0.473667994961085,0.857810370256126,0.199499371504256,-0.876979810620218,0.480213150345706,0.0173707224829331
-0.0765606582562424,-0.18467567071706,0.979812922068583,0.47423571133705,0.85767950442397,0.19871174545984,-0.877062686300138,0.47987578011008,0.0219152906375648
-0.0727454209799456,-0.186948621892367,0.979672555754725,0.47474726801133,0.857361926881245,0.198860649325745,-0.877110674454615,0.479563071041779,0.0263841931987308
-0.0710162635279223,-0.188977000469339,0.97941022233186,0.476346468515467,0.856266099161952,0.199755874403775,-0.876385036526398,0.48072451645364,0.029209707856104
-0.0693897697138299,-0.191560177709025,0.97902490171351,0.476670928432538,0.855741900727662,0.201222825062839,-0.876338910380182,0.48063551435063,0.0319314343332952
-0.0674804273108843,-0.194142719106611,0.978649578014435,0.476492373726335,0.855522891293564,0.202572456798411,-0.876585084125086,0.479988736420547,0.0347764747900613
-0.0640728507159923,-0.19699178314901,0.978309208365586,0.476069955214391,0.855549255493902,0.203452375670569,-0.877070161129253,0.478779394706585,0.0389643896539129
-0.0617019987125164,-0.198890986582732,0.978077317399309,0.475233485947813,0.855878564205552,0.204022099703273,-0.877693566792403,0.477403664407375,0.0417102388106301
-0.0600942851840274,-0.201930569411288,0.977554459877021,0.473830751300786,0.856185348803309,0.205988027846979,-0.878563085959086,0.475574067450895,0.0442290668933743
-0.0590946131239781,-0.204675065361404,0.977044494544149,0.470607566448407,0.857454633042489,0.208086690289117,-0.880361485471301,0.47210133434812,0.0456506846113906
-0.0585360699097682,-0.207286714875542,0.976527391502985,0.466274222908742,0.859268765023919,0.210346234825153,-0.882701465712144,0.467642392529137,0.0463542353971788
-0.0573333599795334,-0.210205982298949,0.975974554401492,0.462816258372252,0.860596448597566,0.212543792305409,-0.884598212082619,0.463882741290286,0.0479458602305111
-0.0563071126625972,-0.212159901686753,0.975611441702007,0.460608007778349,0.861440822912941,0.213915805375702,-0.88581587942081,0.461419423881724,0.0492173041784661
-0.0548653208558649,-0.213797801526741,0.975335991661189,0.458852871767728,0.862157119240635,0.214800241650699,-0.886816688294651,0.459320804890245,0.0507992082328662
-0.0531414663640906,-0.214885492692735,0.975192396187991,0.458112493243503,0.862496776870346,0.215016867762706,-0.88730430410705,0.45817413165571,0.0526073853621354
-0.0511454450255104,-0.215849725242823,0.975086170328418,0.457231341595106,0.862965210003251,0.215012898653045,-0.887875916846652,0.456836888217931,0.0545565197485618
-0.0475040545368447,-0.217332285191502,0.974941045713022,0.456322682972196,0.86351689872543,0.214728141194097,-0.888545425854873,0.455088171049364,0.0581530976245248
-0.0448931409986244,-0.218821068995254,0.974731730095544,0.454648435725561,0.86433747638134,0.21497796820846,-0.889538872553402,0.452811292578388,0.0606838325249047
-0.0429607499612866,-0.220075954793412,0.974536273354939,0.452471233187943,0.865381169155104,0.215372271216904,-0.89074359784404,0.450202183683635,0.062400614631111
-0.0405684977872428,-0.2213562941061,0.974348802045192,0.450401218948815,0.866406990468563,0.215586801165168,-0.891904108610734,0.4475939207885,0.0645503146117042
-0.0373932135026057,-0.223206182279786,0.974053770474727,0.449673088602118,0.866714198673368,0.215871747120861,-0.89241014167869,0.44607790576318,0.0679605843041057
-0.0335677476920712,-0.225291255110089,0.973713025837593,0.449338239011496,0.86684227077007,0.216054679579582,-0.892730840330348,0.444778965304239,0.0721340332018256
-0.0303285369697288,-0.228000013767079,0.973188662884791,0.450836386403897,0.86585199137258,0.216902931585568,-0.892091213127644,0.445327208643655,0.076530678176132
-0.0277563528991321,-0.228591750945653,0.973126608552731,0.452598569343761,0.865125336885157,0.216131178933823,-0.891282289682522,0.446434724096304,0.079447575289223
-0.0267350157160576,-0.229525392041926,0.972935420951803,0.455195192851878,0.863727115078248,0.216270217744256,-0.889990210810885,0.448657514242887,0.0813870970989254
-0.0243548211365673,-0.230800526512253,0.972696231949663,0.458373119662046,0.862103514063891,0.216036140981025,-0.888426094764606,0.451119327894911,0.0847963804708322
