X1,X2,X3,Y1,Y2,Y3,Z1,Z2,Z3
-0.089105867692458,-0.303775051430572,0.948567795400586,0.498208816855184,0.811061885607003,0.306539707906447,-0.862466300298471,0.499899325708653,0.0790730358940549
-0.0893059486715029,-0.303989680678472,0.948480216753562,0.496305499218336,0.81205563270641,0.306995929672415,-0.863542297156035,0.498152510212277,0.0783503515734683
-0.0891134270683089,-0.304041451578729,0.948481730365978,0.496173298200422,0.812151057333688,0.306957192821226,-0.863638150656313,0.497965315854098,0.0784836858033064
-0.0911772574112739,-0.304103554634263,0.948265646214058,0.497060996104339,0.811231612282827,0.307950706095581,-0.862911973426444,0.499423967478345,0.0771921422521031
-0.0934181264353226,-0.304061791524692,0.948060905526701,0.497362695931016,0.810647917699725,0.308998870912714,-0.862498349186563,0.500396223470856,0.0754997826921314
-0.0952833670454104,-0.304644000366137,0.947688299497998,0.497242439199186,0.810173719991752,0.310432762597588,-0.862363633639391,0.50080992050442,0.0742858458969361
-0.0966241896177513,-0.305223982764963,0.947365867194827,0.497233088966381,0.809733078571036,0.311595244997134,-0.862219821865436,0.50116929456319,0.0735276612532308
-0.0968552676558841,-0.306063645165722,0.947071329011273,0.497470178981354,0.809274394757595,0.312407386298705,-0.862057120005146,0.501398044568983,0.0738750482289768
-0.0976192471308056,-0.306369228449621,0.946894069285893,0.497714982148589,0.80888419636366,0.313027400426775,-0.861829611428178,0.501840863952209,0.0735218888036531
-0.0993423547640647,-0.306595757340366,0.9466415045469,0.497590535474941,0.808549214123579,0.314088884467286,-0.861704563963597,0.502242182538494,0.0722359641956675
-0.100829551503214,-0.307418818204737,0.946217243426299,0.497173943034866,0.808229893381716,0.315566965652846,-0.861772285415831,0.502253033497841,0.0713471683487985
-0.102006672503951,-0.308863959021393,0.945620269231949,0.496816115282712,0.807725377001501,0.317416859891182,-0.861840116471766,0.502178026366561,0.0710552142669249
-0.103076426332315,-0.3096983957155,0.945231270126948,0.497504991040624,0.806832891268144,0.31860550757568,-0.861315293155896,0.503097991706519,0.0709110465064459
-0.103926752574861,-0.310172926157952,0.944982532101974,0.499141077673321,0.80554682729111,0.319300005669187,-0.860265897660927,0.504863412142176,0.0711021828202196
-0.104797507026397,-0.310254536787964,0.944859568890287,0.500253200322828,0.804692337704267,0.319713898989097,-0.859513942928107,0.50617424276876,0.0708760740282048
-0.104923863216791,-0.310625480924128,0.944723659875373,0.500645493504599,0.804310392269386,0.32006074848535,-0.859270081383729,0.506553653118918,0.0711218936100465
-0.105682343382952,-0.310912163682551,0.944544794475795,0.500009903048518,0.80443606908886,0.320737755186811,-0.859547170986269,0.506178068690355,0.0704444719364362
-0.107179604096355,-0.310827636157705,0.944403892975014,0.499325620332134,0.804567975046338,0.321472080295885,-0.859759534605856,0.506020309997976,0.0689709252067443
-0.108731869577278,-0.310040611106249,0.944485150758387,0.499787580530438,0.804252270479819,0.321544180130175,-0.859296081037124,0.507004048201708,0.0675065939099294
-0.109513499815013,-0.309663621253053,0.944518520215836,0.501410175436712,0.803263592564729,0.321489403913304,-0.858250912802773,0.508798626700634,0.067300283363117
-0.1099827685699,-0.310285931815733,0.944259726523874,0.502969533592368,0.802030151132627,0.322132402828481,-0.857277923952072,0.510362887748921,0.0678548739075308
-0.110959292955386,-0.31052812196061,0.944065845573526,0.504423338785012,0.800881088989008,0.322717487268293,-0.856297337725525,0.512017350068723,0.0677724326904501
-0.113254598839022,-0.310499466018955,0.943802668699213,0.504468524502018,0.800393359871632,0.323854870675365,-0.855970153468314,0.51279679316016,0.0659889785955678
-0.115582534520494,-0.309307009949795,0.943911993413441,0.504767509871212,0.800143960270958,0.324005252766561,-0.855482576498338,0.513905454765587,0.0636454622886859
-0.1166985170725,-0.307675705962748,0.944307744368013,0.504327260711857,0.800737799385496,0.323222819024503,-0.855590714194558,0.513959761650265,0.0617243322235954
-0.117867892157793,-0.305431297984009,0.944890936674748,0.504115538476723,0.801391516103076,0.321930367912594,-0.855555190425844,0.514279457231006,0.0595143344546456
-0.11870004380799,-0.303549017711465,0.945393195155532,0.504217513506151,0.80179997948904,0.320751448890024,-0.855380031724879,0.51475701718168,0.0578810382471148
-0.12054534926854,-0.302167468637661,0.945602262934493,0.503819414365652,0.802131437172917,0.320548210425767,-0.855356543482294,0.515053374317672,0.0555446228360931
-0.122112772934972,-0.301135169530479,0.945730448044252,0.503169179724223,0.802552954065104,0.320514480947471,-0.855516947384319,0.515001325816957,0.0535199695907232
-0.123710392409303,-0.299952954088422,0.945898495687336,0.503073011226921,0.802685388768104,0.320333751005536,-0.855343956654289,0.515484618579282,0.0515977114139566
-0.124663179095073,-0.299006271760203,0.946073116215641,0.503523329948667,0.802539598155244,0.319991327367203,-0.854940552304846,0.516261022004259,0.0505094959765187
-0.126276883681159,-0.297716008037635,0.946265991783447,0.503285902253044,0.802789661757858,0.319737485397073,-0.854843523249205,0.516617786698096,0.0484624929821616
-0.128073380570131,-0.296550407893414,0.946390545582313,0.503400765626494,0.802746841978821,0.319664162613968,-0.854508559556894,0.517354195180903,0.0464732005861687
-0.129821523520283,-0.295256212931398,0.946556992872739,0.503282135116864,0.802898108739579,0.319470999395277,-0.854314616814604,0.517859436244833,0.0443637215425069
-0.131350855342979,-0.294222423865804,0.946667902749005,0.502817200049399,0.803215960816045,0.319404107088246,-0.854354619660449,0.517954906902993,0.042436991881631
-0.132133851851582,-0.293497290740659,0.946784022638087,0.503081085974087,0.803140226925425,0.319178941707171,-0.854078489443446,0.518483477289363,0.0415309239956532
-0.132757401160284,-0.292722571039607,0.946936623455408,0.503182848431218,0.803211851929713,0.318838112471341,-0.853921831013714,0.518810386676677,0.0406606590524917
-0.133780800941728,-0.291985913439684,0.947020022835939,0.503329099250023,0.803161483145122,0.318734136609631,-0.853675884131413,0.519303243148857,0.0395174203045906
-0.134929881381439,-0.291580782680501,0.946981823628003,0.503121029378472,0.803189082906398,0.31899298878992,-0.853617687789761,0.519488156045358,0.0383262158457674
-0.135524748638818,-0.291610682152955,0.946887666283954,0.502972020738621,0.803147668280313,0.319332067431388,-0.853611263316326,0.51953540109427,0.0378256282078968
-0.135593728705132,-0.291331096700649,0.946963849801584,0.502766133112976,0.803353056205411,0.319139597167213,-0.853721591697471,0.519374680919876,0.0375417725861926
-0.135064262022388,-0.290712440615509,0.947229603631412,0.503088953454248,0.803473247063776,0.318327262679623,-0.853615340792712,0.519535386787239,0.037733696335986
-0.134656604165079,-0.290201970649,0.947444148847923,0.503232739972912,0.803640375430685,0.317677440805895,-0.853594990832353,0.519562280394818,0.0378236489097892
-0.134738071261009,-0.289416004277799,0.947672954463055,0.50394371941494,0.803453814516994,0.317021601157285,-0.853162575254623,0.520288712549066,0.0375935603386443
-0.135385357681197,-0.288470495755211,0.947868966684888,0.504292573396815,0.80342490808726,0.316539756557998,-0.852853917938091,0.520858128614426,0.0367015601020735
-0.13650954330865,-0.287497389656972,0.948003373161768,0.503320007034577,0.804114260940306,0.316337202793377,-0.853249151833377,0.520332111533444,0.0349339176556358
-0.137805540555153,-0.285940830372113,0.948286599356127,0.50284286000089,0.804660623984173,0.315706094897654,-0.853322149682303,0.520345194784681,0.0328966126837571
-0.138656919291234,-0.284155919368747,0.948698936554883,0.502454835596878,0.805317829142075,0.314646360619682,-0.85341279397369,0.52030626322734,0.0311126265111594
-0.139347812960333,-0.281995899259922,0.949242065978831,0.502786703784816,0.805690401756159,0.313158916550685,-0.853104751786304,0.520904299577751,0.029512593261879
-0.139372628958796,-0.279620245157439,0.949940939635306,0.502769195637057,0.806477055504581,0.311155740527356,-0.85311101634874,0.520967635696072,0.0281836183210196
-0.139447315433781,-0.277576816545492,0.950529093260581,0.502219973142062,0.807464679563181,0.309476800156517,-0.853422254687267,0.52053040465894,0.0268058394776522
-0.138943037829424,-0.275756082893495,0.951132701039117,0.501928856724669,0.808332808152111,0.307677581328229,-0.853675731777469,0.520150607047764,0.0260977194797616
-0.138551565741901,-0.274270132870479,0.951619334527035,0.501839382045664,0.808943670600755,0.30621458558175,-0.853791952561333,0.519986569067113,0.025559141834568
-0.13683599433852,-0.272840849306006,0.952278205989912,0.501367637902495,0.810023359485241,0.30412604089804,-0.854345598875222,0.519056863973709,0.0259532203072718
-0.135434548629088,-0.271280586895733,0.952924092575659,0.500544847329257,0.811289459272817,0.302099766774076,-0.855051073825281,0.517895989988654,0.0259114782269652
-0.133384081662123,-0.269627542835239,0.95368216660677,0.499479625553374,0.812846223902232,0.299668349921948,-0.855995788784158,0.516315799131223,0.0262527170264977
-0.131294953583299,-0.26792044665525,0.954452863910843,0.497662444026977,0.814865928469922,0.297196249007197,-0.857376070909759,0.514015712680948,0.0263461600321808
-0.12937855958736,-0.266628015267135,0.955076274333002,0.496387402454063,0.81638509643066,0.295152369143144,-0.858405926706013,0.512274219340199,0.0267280600751489
-0.128139741249645,-0.265736187507447,0.955491750546011,0.494443295111807,0.818044097984445,0.293819130881219,-0.859712762864116,0.510086396997433,0.0265675171351049
-0.127047529769421,-0.265632374060391,0.955666451765745,0.493343762310415,0.818925881708809,0.293210389408109,-0.860506163469439,0.508723738504987,0.027005564475051
-0.125850599064199,-0.266262600628357,0.955649441072304,0.491959048797183,0.819765958436704,0.293189474052059,-0.861474271828099,0.507038460962259,0.0278222587736941
-0.124605973244978,-0.266845380607913,0.955649985235122,0.490984405966506,0.820384175492125,0.293094042416122,-0.862210916498619,0.505730508720133,0.0287921520607072
-0.123333801972503,-0.267591475853793,0.955606391429754,0.490982314673416,0.820385317465607,0.293094349254282,-0.862395002286622,0.505334278411078,0.0302014419161183
-0.122531348771216,-0.268462903067723,0.95546519467993,0.491672957938675,0.819857346530375,0.293413758661734,-0.862115868662757,0.505728782072588,0.0315377231777545
-0.121901536784948,-0.269145625842865,0.955353676613599,0.492122581141566,0.81949729618633,0.293665705648203,-0.861948595021786,0.505949418057721,0.0325546602965298
-0.119950092943407,-0.270844843865045,0.955120435209397,0.492430701631561,0.819145994745303,0.294128957063694,-0.862046390453273,0.505611421789943,0.0351156782938361
-0.118149485716222,-0.272484517261137,0.954878467072097,0.492572003165272,0.818883100128139,0.294623980731847,-0.862214312524875,0.505156071108221,0.0374676273569954
-0.116688767079938,-0.273897323076013,0.95465385771449,0.493024431924542,0.818446017395984,0.295081388999943,-0.862154650374773,0.505100359354898,0.0395346154237813
-0.116043490802189,-0.275392395388999,0.954302329874737,0.493953856091134,0.817555259346173,0.295994908686131,-0.86170963572142,0.505729598181993,0.0411591694223519
-0.115066573014599,-0.276476622349036,0.954107101466678,0.49441797552179,0.817124267375134,0.296409846576635,-0.861574459495876,0.505834566791474,0.0426713227269912
-0.113873729403989,-0.277430810159427,0.953973227782578,0.494469435237701,0.817015075766813,0.296624920708725,-0.861703401041992,0.505488389128803,0.0441445023602199
-0.112722619414617,-0.278331673900008,0.953847519458077,0.493556022081109,0.817479503963261,0.296866491317986,-0.862378144516534,0.504240755893452,0.0452238427847642
-0.112310842894866,-0.279898226163615,0.953437600243826,0.492604447200405,0.81762145493186,0.29805371165864,-0.862975743092833,0.503142265592516,0.0460513561993779
-0.111938393893326,-0.282244915740596,0.952789380456755,0.491441824689923,0.817629959349408,0.299943632237332,-0.863686707619158,0.501815760128026,0.0471827719523737
-0.111792830877879,-0.284862706910639,0.952027101072156,0.491779300151814,0.81663318315676,0.30209826896136,-0.863513452649408,0.501959642181323,0.0487958473099575
-0.110740054244349,-0.287691911540299,0.951299114064681,0.491561654743955,0.816053365417959,0.304013230592697,-0.86377299099436,0.501288608312928,0.0510485181405326
-0.110629883151908,-0.289850454022048,0.950656480153061,0.491662877810233,0.815323036456961,0.305803794623221,-0.863729496739086,0.501233538907578,0.0523096161047905
-0.110628792647148,-0.291709818679229,0.95008770748998,0.492147614843795,0.814441974170101,0.307367851138456,-0.863453528246308,0.501587133403599,0.0534635592059004
-0.110600084159102,-0.293764939109051,0.949457625138824,0.493243399976527,0.813143137819529,0.309045604719767,-0.862831715784483,0.502494177048119,0.0549639178838096
-0.110521000596788,-0.295773034432239,0.948843201234972,0.49408363010637,0.812012845166012,0.310671057142936,-0.862360988732675,0.503143569359823,0.0563921423946643
-0.111255948289204,-0.297322642738386,0.948272829983719,0.49421374772965,0.811287126444405,0.312355518633166,-0.862191907596728,0.503400878605354,0.0566804189652262
-0.112696885114472,-0.298090064552466,0.947861659473893,0.494351063417995,0.81067552779144,0.313723149827309,-0.861926005050894,0.503932041107902,0.0560005335852241
-0.114003970634173,-0.298940247284393,0.947437503602844,0.4949495819427,0.809789276894452,0.31506545091696,-0.861410474753116,0.504852508739243,0.0556411574763141
-0.115374231504851,-0.299565128398924,0.94707418957123,0.496074256709233,0.808652536612484,0.316214178778523,-0.860580686824336,0.506302092507557,0.0553088834403883
-0.116394985043809,-0.30022413588224,0.94674055352584,0.497034995443502,0.807664812406259,0.317228252375543,-0.859888609507726,0.507486964398619,0.0552137682498213
-0.117142637037035,-0.299967373301611,0.946729727822329,0.496964790797156,0.807644390286856,0.317390194470641,-0.859827656740552,0.507671265478661,0.0544636292524371
-0.118283509339004,-0.298775598223655,0.946964705427054,0.4960837644732,0.80833798822398,0.317002516425512,-0.860180161387455,0.507269986003613,0.0526046695203605
-0.118680332392294,-0.297130913970863,0.947432424326977,0.496043943432467,0.808832679633476,0.315800732331161,-0.860148466770256,0.507447451781729,0.0513974590131491
-0.118814859142493,-0.295272561216707,0.947996383874683,0.497861210643823,0.808349162383671,0.314174866292459,-0.85907930028794,0.509299269846466,0.0509608629306842
-0.118727515478686,-0.293309532059003,0.948616516550069,0.500300517100042,0.807564063168681,0.312313426653293,-0.857673113521515,0.51167353095682,0.0508628357496007
-0.118872626793062,-0.291362744266195,0.949198108854516,0.502015025449659,0.807149377548579,0.310629677503164,-0.856650578020056,0.513437078498051,0.050320508754292
-0.119842684766322,-0.289863097483331,0.94953521031364,0.503769555079099,0.806394508216403,0.309748498775753,-0.855484638250978,0.515468022127265,0.0493837208075554
-0.120758381604436,-0.288339300769791,0.949883077491049,0.505103084202005,0.80590550074261,0.308848179859337,-0.854569065437019,0.51708487843331,0.0483212261196807
-0.120464684682803,-0.288183498090369,0.949967647434728,0.505579684542347,0.805725384256655,0.308538146332876,-0.854328650065262,0.517452294026092,0.0486382676994306
-0.120312878943499,-0.287816182622752,0.950098235016145,0.506266189104458,0.805458310725832,0.308109486144679,-0.853943415531718,0.518072152024364,0.048804593706621
-0.121178907786455,-0.286770486281469,0.950304351513541,0.507588623207078,0.804822593457498,0.307594510112078,-0.853035440001425,0.519637644188944,0.0480339134709937
-0.122368072967311,-0.285964122960471,0.950394957424394,0.509004629916442,0.803984048572,0.307447453014985,-0.852021326870339,0.521377185942408,0.0471750838566614
-0.123158012201419,-0.286071027402387,0.950260738593118,0.509925007236644,0.803228690096075,0.30789634359838,-0.851356911656506,0.522481615645456,0.0469507219029743
-0.123295835644228,-0.286682479289865,0.950058573447452,0.510327508942469,0.802755772732211,0.308462320165178,-0.851095746981129,0.522873144666397,0.0473255116962022
-0.123641336056262,-0.286748826972651,0.949993647477725,0.511039768575545,0.802227187538129,0.308658216331458,-0.85061811346366,0.523647448007219,0.047351612887541
-0.123792837996262,-0.285344987412537,0.950396533779122,0.512248363264219,0.801906809750346,0.30748509363732,-0.849868782574087,0.524903521263252,0.0468971829801979
-0.123985935601186,-0.28345059086639,0.950938089630757,0.513558266997701,0.801668932247283,0.305916376593046,-0.849049700648564,0.52629144550049,0.0461727216177347
-0.124363755001691,-0.281866311218954,0.951359574000125,0.515061504881452,0.801168381316272,0.304697999613255,-0.8480833111382,0.527902081241289,0.0455421781426999
-0.124486222052285,-0.281339917174747,0.951499359707223,0.516197374938868,0.800604311218962,0.30425812555104,-0.847374445345959,0.529037416315441,0.045562720648703
-0.124616635179505,-0.281031768251034,0.951573349495579,0.516414241693829,0.80054133528293,0.304055753899201,-0.847223125990034,0.529296434653703,0.0453680399681668
-0.12428856288486,-0.280029799256008,0.951911584478651,0.516981274597976,0.800571820678929,0.303010101564083,-0.846925448224971,0.529781154311348,0.0452682414664866
-0.122443517110538,-0.278555794008464,0.952582938510824,0.51757517838287,0.801033507914462,0.300767774071943,-0.84683145893356,0.529860348415094,0.0460922047410742
-0.121464427682888,-0.276899997162632,0.95319084362944,0.517534041683368,0.801772903776977,0.298862387174954,-0.846997584711165,0.52960985861327,0.0459182877847727
-0.120184597104277,-0.274778813073689,0.953966596115764,0.516748120641307,0.80317523170292,0.29644717403382,-0.847659744492187,0.528588829871362,0.0454621436215276
-0.118731686677471,-0.272849960752493,0.954701883048361,0.514970807236413,0.80515703497599,0.294155089575124,-0.848945142086931,0.526569129313555,0.0449121117402037
-0.118482455819257,-0.270145176085359,0.955501696231277,0.512736913297507,0.80741585818339,0.291856967873176,-0.8503309740361,0.524500920677733,0.0428487899832371
-0.117133073090542,-0.268195671430345,0.956216986365748,0.510594833408759,0.809578390670534,0.289613096139643,-0.851805587728002,0.522162724814148,0.0421109193679926
-0.115643675372096,-0.266856056323045,0.956772901764126,0.508710977518587,0.811409063917267,0.287799361265774,-0.853135207161513,0.520003054026239,0.041918278887227
-0.11576297558613,-0.265658816297842,0.957091597918754,0.506132935590177,0.813313249501064,0.286968656296971,-0.854651031119904,0.517635925636204,0.0403071147123703
-0.116231576116738,-0.264377102803432,0.957389663735034,0.504633838860411,0.814518576034528,0.286189059839278,-0.855473500109982,0.516395426788375,0.0387408544256351
-0.116379784968099,-0.262835145190486,0.957796132850554,0.504517653553683,0.815021871399019,0.284958394145402,-0.855521877513057,0.516388454164049,0.0377529005852298
-0.115787549380905,-0.260772465347878,0.958431512798256,0.505506051457948,0.815141864305581,0.282855745912676,-0.855018640351051,0.517244103275051,0.0374387804212348
-0.11490188938601,-0.258547041569191,0.959140752502647,0.506723527219214,0.81521572492197,0.280454254384679,-0.854417241620301,0.518243908922977,0.0373420418053127
-0.114405839267,-0.257200891150033,0.959561882076004,0.507802222717931,0.815040985149172,0.279007338845766,-0.85384319786735,0.519187725315898,0.0373617362680257
-0.114853420645469,-0.25569777567446,0.959910068329929,0.508252283645818,0.815124218138304,0.277942665262512,-0.853515265203175,0.519799150172017,0.0363391737055528
-0.115150878061757,-0.254610791146987,0.960163330018967,0.508015674404841,0.815530191912274,0.277183297906861,-0.853616043570294,0.519695921776412,0.0354372550907153
-0.114586695278874,-0.254337057300084,0.960303363812186,0.507832081515516,0.815819880060697,0.276666767576753,-0.853801186605339,0.519375186721203,0.0356784132162708
-0.114037681530338,-0.253606590232805,0.960561869210763,0.507770701630414,0.816163313143507,0.275765046451451,-0.85391119079032,0.519192780833001,0.0357006242796037
-0.113603097811988,-0.253005435989121,0.9607718696587,0.508272070624115,0.816106429693549,0.275008722836791,-0.853670802119291,0.519575350428408,0.0358833782718788
-0.113295384975451,-0.252266038992705,0.961002602137057,0.509171848639602,0.815823087414641,0.274183731454244,-0.85317535377916,0.520379222886708,0.0360177746624026
-0.112233589453392,-0.252147600722164,0.961158264204425,0.508812178315504,0.816260428372069,0.273549045459272,-0.853530191965252,0.519750421379245,0.0366839321755112
-0.110834962470423,-0.253035265484263,0.961087282985,0.509126484825407,0.816058787137959,0.273565857490016,-0.853525531863871,0.519635651544649,0.0383791102067722
-0.109994178723702,-0.253621554544335,0.961029337594547,0.509004303340855,0.816111887198007,0.273634805451717,-0.853707151093037,0.519266304168317,0.0393269059040684
-0.109741652235719,-0.254546770577041,0.96081356742782,0.510131098155292,0.815205705641751,0.274236978148483,-0.853066839385667,0.520236099360602,0.0403902025572382
-0.110013681715674,-0.255022276807702,0.96065635279593,0.512961858729524,0.813289654534138,0.274645351893116,-0.851332556245862,0.522994814658384,0.041343711932145
-0.109544313269223,-0.255984078800206,0.960454160713141,0.514889763138063,0.811910094663496,0.275119119653911,-0.850228542949485,0.524665750344277,0.0428634479442914
-0.109516449271622,-0.255874922527329,0.960486424349959,0.517078536248501,0.810591878061172,0.274901063243434,-0.848902782826187,0.526753102736848,0.0435342861094551
-0.109242059071271,-0.25551662123091,0.960613048425123,0.518696768878214,0.809736987038005,0.274371415744998,-0.847950372654656,0.528239782766647,0.0440783100569527
-0.108241568331686,-0.254914498050197,0.960886237579097,0.520307192270885,0.809081561784784,0.27325345752814,-0.847091605764268,0.529533403161416,0.0450575895938053
-0.107255080843808,-0.253759632473507,0.961302448015243,0.522600721007069,0.808146708549147,0.271638332832593,-0.845804252789072,0.531511943786864,0.0459371263340476
-0.105934281606809,-0.252659326579195,0.961738630124109,0.523588618272151,0.808069215446319,0.269961296973901,-0.845359619804678,0.532153556542206,0.0466873158702894
-0.105169693495425,-0.250843466693522,0.962297714216996,0.524404556135736,0.808197526868449,0.267986229250318,-0.844949227512612,0.532817335285648,0.0465455706264508
-0.104473318216747,-0.248774461645028,0.962910480270107,0.524726589819977,0.808689922495378,0.265862022843273,-0.844835683264314,0.533040220328303,0.0460520552817595
-0.103022550603833,-0.247052926000643,0.96350983690962,0.524899869861498,0.809305348567178,0.263637970330416,-0.844906196383044,0.53290684414359,0.0463013474799251
-0.10119049739499,-0.245557915583701,0.964085988556593,0.52433605744485,0.810382151828829,0.261443047068511,-0.845477487636511,0.531960598250909,0.0467518963079514
-0.0992320218634765,-0.244718903298769,0.964502806737821,0.523430642636602,0.811510019760798,0.259753441126124,-0.846270268995621,0.530626183104524,0.0475655927956654
-0.0974598181826778,-0.244557027076378,0.964724543249193,0.522517787674441,0.812423058666343,0.258735261050811,-0.847039990439416,0.529302025553264,0.0486067931631507
-0.0958870940272556,-0.244479536986408,0.964901767639546,0.521979457748034,0.813042611167559,0.257874306814203,-0.847551243812477,0.528385719357316,0.0496530028414664
-0.0950070221006828,-0.244746819102656,0.964921064279712,0.521537646571397,0.813392858711545,0.257663619096351,-0.847922254077772,0.527722514145637,0.0503666467364892
-0.0940418646824896,-0.24525981250252,0.964885356950902,0.5211390889297,0.81366398552292,0.257613991569711,-0.848274824379789,0.527065975978516,0.0512959968150705
-0.0929842451319658,-0.245309259656385,0.96497528325034,0.519733618912615,0.814697147639997,0.257187719378763,-0.849253139840669,0.525444502068572,0.0517414699895168
-0.0915821024082621,-0.245289170240119,0.965114470662106,0.518358031312238,0.815782131814129,0.256523809395729,-0.85024565267491,0.523767826785599,0.0524365686492486
-0.0909965775048027,-0.245729152069456,0.965057929196812,0.517003757892426,0.816593517576218,0.256675167045059,-0.851132620222913,0.522295137710209,0.0527356797315842
-0.0911456925647511,-0.246978135956546,0.964724967587302,0.515556861638757,0.817122353334367,0.257899558158794,-0.851993887973433,0.520877010474388,0.052854089862347
-0.0913816366727044,-0.248370763514105,0.964345042145413,0.515228446598517,0.816911079500064,0.259221789218652,-0.852167263097273,0.520546109409589,0.0533170112050784
-0.0917498779705598,-0.249572308227058,0.963999804387224,0.515363023913556,0.816444437223163,0.260421647544953,-0.852046309466254,0.520703508624218,0.0537116619680152
-0.0916238711600949,-0.250722318978605,0.963713331338541,0.515932718069397,0.815805682527673,0.261293931772405,-0.851715032542671,0.521152000016836,0.0546085727637054
-0.0913203417575912,-0.251830580024243,0.963453140607228,0.516776511999624,0.815038437784965,0.262019811423767,-0.851235943688223,0.521817692204565,0.0557105400756744
-0.0909929639583034,-0.253644422697911,0.963008196924786,0.51730680635207,0.814273306609169,0.263348913507522,-0.850948851936416,0.522133593037275,0.0571188446143741
-0.0908738930185431,-0.255466556695631,0.962537674056311,0.517513913015936,0.813666457482804,0.264813605772661,-0.850835639476032,0.522191281406978,0.0582664587901943
-0.0907010677372763,-0.256809698657306,0.962196494998221,0.517033148011071,0.813620183030106,0.265892688172914,-0.851146309496246,0.521604233534967,0.0589829076031328
-0.0904962736416316,-0.25881335966183,0.961678776576428,0.516591795318779,0.813369698786708,0.267511962545493,-0.851436046609668,0.52100420147651,0.0600939312869762
-0.0908073335546049,-0.260550582253597,0.961180223610544,0.516947384720563,0.812614046333885,0.269116727706473,-0.851187070862377,0.521317375298562,0.0608996273268184
-0.0915447807353881,-0.262448354166323,0.960593782259441,0.517380502242628,0.811688118936121,0.27107160212222,-0.850844856022105,0.521807683896404,0.0614798504177961
-0.0926781435269945,-0.263673798126358,0.960149410193023,0.517815791871717,0.81087710248503,0.272663034446821,-0.850457269591281,0.522450430995231,0.0613838720857623
-0.0931138650922701,-0.264105209144089,0.959988670053213,0.51840180252639,0.810317989935725,0.273211138725924,-0.850052574412294,0.523099602073529,0.0614607764801901
-0.0930227416885072,-0.264253089294942,0.959956808573611,0.519217992797174,0.809789113811281,0.273229330615168,-0.849564268012978,0.52384338876311,0.0618761550579401
-0.092386356807713,-0.265131671081121,0.959775993690992,0.51914210012508,0.809697353243366,0.273645164452816,-0.849680081532761,0.52354120481622,0.0628360239517228
-0.0923386815103755,-0.265760111429884,0.959606758557744,0.518550851735469,0.809890370497293,0.274194460082946,-0.850046223485138,0.522923656902739,0.06302592315961
-0.0918011037527744,-0.266097096958401,0.959564949516229,0.518453526877961,0.809948397204454,0.274207101173072,-0.850163806461776,0.522662346889698,0.0636048215639101
-0.0908487950283392,-0.265577070985948,0.959799622738217,0.519997865196787,0.809312912320077,0.273157152831074,-0.849322504489715,0.52390975302863,0.0645744070727536
-0.0902687038660886,-0.263412356780088,0.960450670986228,0.522375943133207,0.808556550712868,0.270849918469624,-0.847923897020263,0.526165596171841,0.0646129264706536
-0.0905355484950035,-0.261877978901778,0.960845064838774,0.523595623104701,0.808183343301766,0.269605836500584,-0.847142808459299,0.527503182716369,0.0639488412701251
-0.0921062441064887,-0.259974077245651,0.961212733455435,0.522696961057981,0.809002171456179,0.268892866175246,-0.847528363358624,0.527189686677821,0.0613735086433322
-0.093938599868433,-0.258800543842517,0.961352078045071,0.5216462683723,0.809664949406841,0.268938357984264,-0.847974474938965,0.526749416904124,0.0589435462383468
-0.0957368121585647,-0.25803128487119,0.961381463741338,0.520782208306591,0.810104234703285,0.269289844641634,-0.848304399557745,0.526451312984902,0.0568213054007595
-0.0964596402974516,-0.256893909016299,0.961613777617611,0.520981408974354,0.810173176051936,0.268696476175287,-0.848100176451334,0.526901266193435,0.0556879375356274
-0.0965749526308166,-0.255360683010226,0.962010498953575,0.521838454948404,0.810047386724411,0.267409532735868,-0.847559971601667,0.527839135375072,0.055026736274999
-0.0966539893591269,-0.254009672548221,0.96236016781292,0.523020069952099,0.809671306845672,0.266237452846372,-0.846822302946886,0.529066594223041,0.0545941948284282
-0.0976988679998934,-0.253492809274522,0.962390942828147,0.523304898586863,0.809455482087453,0.266334011409662,-0.846526381341144,0.529644426162194,0.0535711445536507
-0.0983418151122572,-0.254328187067343,0.962105015402926,0.523112562726547,0.809232582060216,0.267387125437669,-0.846570808685305,0.529584555472678,0.0534608687426142
-0.0995586272052476,-0.255414673304521,0.961691959210303,0.523449199915911,0.808506584711849,0.268920132353409,-0.846220429236023,0.530170205819157,0.0532028007277205
-0.100030400500925,-0.255986852778569,0.961490847684026,0.52428280386304,0.80774062333788,0.269597156853039,-0.845648544342822,0.531061029086352,0.0534108868734689
-0.100349660988679,-0.25600938491828,0.961451579838122,0.526060873274757,0.806558701002703,0.269672059075895,-0.844505715284898,0.532843557407423,0.0537386283835529
-0.100741050796671,-0.255196414341278,0.961626762726442,0.527810431871715,0.805610587289708,0.26908684407478,-0.843366698827845,0.534664728361696,0.0535372725690947
-0.100759109333123,-0.254238056784977,0.96187868900844,0.52907617026633,0.805071322224611,0.268213668905652,-0.842571069965442,0.535932063431286,0.0533930280427583
-0.10056995664165,-0.252651186859257,0.962316508015791,0.529244654382605,0.805438789355559,0.266774159934744,-0.842487851324002,0.536130333389243,0.0527113459456908
-0.100504396022459,-0.250851240933039,0.962794121971315,0.528666690163967,0.806315316542718,0.265268055030552,-0.842858468007077,0.535657787426796,0.0515784613748099
-0.0998504749656327,-0.248360319149681,0.963507672268885,0.528379179325585,0.807294758439966,0.262850938462428,-0.843116436504685,0.535343184197974,0.0506196565418526
-0.09908529852113,-0.246262553135622,0.964124918534991,0.52720784530215,0.808738882207096,0.260755265063393,-0.843939566242064,0.534131234182706,0.0496974164481023
-0.0987861698014898,-0.244667276079239,0.964561670745793,0.526533481297891,0.809646472718647,0.259297285536461,-0.844395514985883,0.533489000102363,0.0488436387005124
-0.0988427552706109,-0.242926358595446,0.964995800006441,0.525615126709774,0.81068314950678,0.257917757588804,-0.844960856078187,0.532709691488079,0.0475556126055826
-0.0985672543738506,-0.241622905666694,0.965351162956975,0.525382046336705,0.81122382314441,0.256689723499059,-0.845137977937483,0.532479370699139,0.0469842316909856
-0.098834287271012,-0.24069651811425,0.96555526503008,0.525234484163838,0.811518115986601,0.256060703878404,-0.84519850940757,0.532450498725688,0.0462162969307198
-0.0994102263335035,-0.23997309054085,0.965676199725661,0.525761624285325,0.811281218693735,0.255729346426383,-0.8448031257809,0.533137599509809,0.0455189922970616
-0.0999215685518266,-0.239024352755674,0.965858705467769,0.526552125044444,0.810947234870504,0.255161599515021,-0.844250282646872,0.534071101114463,0.0448276611598454
-0.0997429531594399,-0.23768718599424,0.966207092143901,0.527522074511971,0.810715008938527,0.25389296009222,-0.843665694571979,0.53501960328192,0.0445221282783838
-0.0994747588738426,-0.23616759504941,0.966607282920819,0.528467241501671,0.810557589067186,0.252425770208206,-0.843105655897649,0.535930277045596,0.0441768167620241
-0.0997540735542983,-0.234998897403049,0.966863301107595,0.52961617018164,0.810084364665519,0.251535354188221,-0.84235137388827,0.53715811484498,0.0436500007414795
-0.100453482931999,-0.234348218109881,0.966948814796085,0.530466110422188,0.809594721830904,0.251320695680034,-0.841733213946311,0.538179615976176,0.0429871781738419
-0.101118599743932,-0.234293394246606,0.966892772854483,0.531309985247353,0.80895801057527,0.251588228465799,-0.841121113967711,0.539160034255606,0.0426817185597084
-0.101965769202981,-0.233917498359499,0.966894816343576,0.531393640767364,0.808860811126099,0.251724029000878,-0.840965980562145,0.539468990939852,0.0418261563078283
-0.102764749048819,-0.233479415436379,0.966916112659428,0.531918672077938,0.808504190226899,0.251760800523812,-0.840536693219146,0.540192870142723,0.0411063304028665
-0.104068293704241,-0.232510312973869,0.967010209153079,0.532840278097811,0.807944783352809,0.251607760392303,-0.839792253049607,0.541446379075321,0.0398094248148363
-0.10537835894816,-0.231982729905957,0.966995043674358,0.533703605299333,0.80730445181086,0.251833245972131,-0.839080367519039,0.542626515304723,0.0387376010146182
-0.10647839734074,-0.231713548575177,0.966939078901275,0.533706952294351,0.807186971009762,0.252202464113184,-0.838939354168359,0.542916223038863,0.0377191567879207
-0.107631640531642,-0.231635212497253,0.966830160001135,0.533493369135155,0.807150753401547,0.252769631032163,-0.838928039253242,0.543003489505056,0.0367008901805377
-0.108660369444681,-0.230822566892425,0.966909440808878,0.534303355059719,0.806663889704244,0.252612932802631,-0.838279696094372,0.544071972867939,0.0356768756411727
-0.108738860265005,-0.230198995030756,0.96704926604341,0.535026394239466,0.806343591944998,0.252104679044945,-0.837808222527914,0.54481045732995,0.0354816550987643
-0.108554994710796,-0.229763393800954,0.96717350873171,0.535912964128812,0.805911059537035,0.251604171258277,-0.837265255460902,0.54563371137143,0.0356475106147501
-0.107131285373193,-0.229538810718585,0.967385560192101,0.537193558269355,0.805374957077441,0.250587827849678,-0.836627736002218,0.5465190873944,0.0370259161317462
-0.105867978505979,-0.228706664446719,0.967721671124871,0.538114325530098,0.805201191939462,0.249166637330438,-0.836196713570644,0.547123662563525,0.0378253100017484
-0.105963381928105,-0.228524840637161,0.967754183097195,0.538025167611097,0.805290261478169,0.249071302613274,-0.83624199888992,0.54706854413335,0.0376208361471132
-0.106174497209606,-0.229124410961789,0.967589262261472,0.537573843191244,0.805395264922226,0.249705487239372,-0.836505432892628,0.546663032902601,0.0376588528615446
-0.106404102060072,-0.229852407427168,0.967391357137702,0.5375876329019,0.805159298934193,0.250435700910894,-0.836467395668069,0.546705015652622,0.0378935594071646
-0.106450197546699,-0.2300872602819,0.967330454445759,0.537901135612284,0.80488568399661,0.25064198372245,-0.836259961823645,0.547009038639472,0.0380839585316038
-0.105788863155996,-0.229389703660067,0.967568643707985,0.538428690969341,0.804832716990918,0.249677476761638,-0.83600434279566,0.547379814676942,0.0383676597023143
-0.105213149782106,-0.228691876291114,0.967796579262077,0.538767505400038,0.804887646011517,0.248767868550299,-0.835858701119961,0.547590999758477,0.0385269872370413
-0.104237912088054,-0.228100353158794,0.968041676051376,0.537921263189887,0.805756686017182,0.247783933189392,-0.83652565548925,0.546558681046639,0.0387096355038165
-0.103118438558308,-0.227621824474067,0.968274182580736,0.537724368499671,0.806194196589076,0.246786184596555,-0.836790948296483,0.54611282937612,0.039264315095026
-0.1022338457502,-0.226593992700112,0.968609004322872,0.53735937675076,0.806840077710004,0.245466880085584,-0.837133884752707,0.545586154033565,0.039276042643115
-0.101903821309355,-0.225315310094915,0.96894201180431,0.537444858630534,0.807161893168332,0.244218554062789,-0.837119247857888,0.545639706448996,0.0388416736521099
-0.101253930904617,-0.224508806819488,0.969197315894371,0.537365559596971,0.807522894454405,0.243197512921114,-0.837249005275848,0.54543796218495,0.0388784332520194
-0.100036122540791,-0.224135325099984,0.969410197093742,0.537195512392743,0.807925680293676,0.242233516646849,-0.837504480974342,0.544994909301294,0.0395827384546895
-0.0987960707060455,-0.223898387951247,0.969592104075667,0.537186461289268,0.808191845084526,0.241364138484538,-0.837657473088231,0.544697579774045,0.0404290040408817
-0.0975917100621923,-0.223395100395042,0.969830133191698,0.536886964325416,0.808705817688462,0.240306654036619,-0.837990599985809,0.544141093427362,0.0410149336108051
-0.0969406213613967,-0.222711556695847,0.970052616327681,0.536368689446533,0.809315577136925,0.239409535284071,-0.838397963327366,0.54351435962414,0.040999950864438
-0.0960726467786606,-0.222561504303064,0.970173398595993,0.536643168108496,0.809313305165744,0.238801348832405,-0.838322227227347,0.543579203873784,0.0416832394677299
-0.0951540911406431,-0.222458978295188,0.9702874326276,0.536266109847,0.809729133296724,0.238238095442566,-0.838668205173395,0.543001596375551,0.0422481711419481
-0.094028048529138,-0.222247580772507,0.970445639348526,0.535975345347632,0.810147663531482,0.237468297787235,-0.838981021995902,0.5424636173194,0.0429426200349143
-0.0928572139047714,-0.222353571876251,0.970534093630778,0.535912325862948,0.810347437535697,0.236928279163748,-0.839151664965284,0.542121683345356,0.0439154145237
-0.0919107959626917,-0.222911279758625,0.970496247773208,0.535818315716183,0.810421196465149,0.236888616997672,-0.839315875060503,0.541782286233473,0.0449534892422564
-0.0911037140181436,-0.223281808700685,0.970487170031346,0.535525414060004,0.810646785118751,0.236779054547685,-0.83959075994675,0.541291994841956,0.0457201501753145
-0.0908171772958991,-0.223662006377618,0.970426476973471,0.535232821461461,0.810787603612568,0.236958411242549,-0.839808351434069,0.540923995336986,0.0460778051806241
-0.0907467286414532,-0.22431504651444,0.970282325484752,0.535766879654897,0.810294864654748,0.237436481988338,-0.839475361107001,0.54139171790984,0.0466489643282972
-0.0910895671743819,-0.224782231967022,0.970142071525562,0.536530338896008,0.809633293494101,0.23796874901976,-0.838950467069492,0.542187124762124,0.0468533408207204
-0.0910292707254741,-0.226242151380245,0.969808311373968,0.53708171528478,0.808927287214746,0.239123137956471,-0.838604139614125,0.542633516231931,0.0478744617079264
-0.0906469087841291,-0.227136837332541,0.969634980317054,0.53828271305511,0.807989406666611,0.239593070727364,-0.837875204761372,0.543656119105735,0.0490220909894663
-0.0907017014337734,-0.227809527597244,0.969472031826055,0.539450615183949,0.807055277064613,0.240114167719899,-0.837117814369446,0.544761047522747,0.0496907030262321
-0.0911232382009025,-0.228923719633591,0.969169998529103,0.539662145002697,0.806572781230426,0.241257368445614,-0.836935675372289,0.545008512931069,0.0500439419090354
-0.0917983760663061,-0.230798170274869,0.968661583190622,0.538918946006472,0.806477878370344,0.243227879435195,-0.83734068800391,0.544358003796253,0.0503481470969574
-0.0924176164548264,-0.232563921676558,0.968180255171127,0.537759737179655,0.806683893783537,0.245103163134833,-0.838017570959748,0.543300209685816,0.0505117107022828
-0.0923816327927094,-0.233543335357584,0.967947903780264,0.538025635051697,0.806269005823721,0.245883521764364,-0.837850851852388,0.543495906845749,0.0511678540897057
-0.0924174183703152,-0.234266018038821,0.967769835019671,0.538449858694434,0.805803953255219,0.246478677759772,-0.837574337270257,0.543874453996965,0.0516701832374694
-0.0924998066889404,-0.235642301560244,0.967427770677429,0.538186596299947,0.805609738618646,0.247685559946226,-0.837734428876829,0.543567525481599,0.0523007831320406
