X1,X2,X3,Y1,Y2,Y3,Z1,Z2,Z3
0.843114184332795,-0.479628870710917,-0.243134980118896,-0.53679709060919,-0.777386381843433,-0.327901352296518,-0.031738867187642,0.406972431136246,-0.91288886760914
0.840619820773002,-0.483937726560176,-0.243233619664994,-0.540834782727457,-0.774248899073602,-0.328688880364791,-0.0292584127339616,0.407851589545859,-0.912579325970737
0.839961572614969,-0.485446114132834,-0.242500776913229,-0.541957572148236,-0.772970262339814,-0.329846878914306,-0.0273230035204342,0.408483835434954,-0.912356514563782
0.837029231596383,-0.48990044744121,-0.243679332422902,-0.546565042998735,-0.769356406315079,-0.330692264550802,-0.0254699671173561,0.409985696895452,-0.91173626072247
0.838941802624749,-0.4875732031217,-0.241762328344146,-0.543520356101374,-0.773185427209475,-0.326756664284506,-0.0276093156773675,0.405532571748001,-0.913663537052497
0.838405997723966,-0.489250515774067,-0.240227633288285,-0.544539855259351,-0.770874366849544,-0.330498194501027,-0.0234889125888456,0.407905189166702,-0.912722097703496
0.838928869846978,-0.490402014186581,-0.236017405754356,-0.54398141887346,-0.768971517495346,-0.335808012413822,-0.0168097369905111,0.410108119600976,-0.911881989612506
0.83601269868337,-0.495406806664188,-0.235912830407634,-0.548517001148344,-0.765939442705614,-0.33535931410808,-0.0145556549621512,0.409766843483713,-0.912074156464274
0.836249390240158,-0.495696449975696,-0.234461056050799,-0.548232022666996,-0.764633265145425,-0.338788457825088,-0.0113404870009303,0.411850700272003,-0.911180769134228
0.837930592058785,-0.493545773196526,-0.232991185781475,-0.545688990123927,-0.765276197934185,-0.341432082459932,-0.00979024767523757,0.413237111880384,-0.910570832179033
0.837042607525146,-0.495532726843622,-0.231963337220407,-0.547106915403708,-0.762549658505594,-0.345242004151352,-0.00580485184516288,0.415891013295462,-0.909395936187934
0.836446169182841,-0.497579101890619,-0.229723406341354,-0.548048533741208,-0.758819135742877,-0.351903856038187,0.000781487979471127,0.420248208315226,-0.907408856406185
0.832435749696941,-0.504414649571613,-0.229383050646814,-0.55410552831854,-0.754590388215674,-0.351511606493086,0.00421735857188992,0.419713244144219,-0.90764696142091
0.826962733755845,-0.512431806188994,-0.23140069357058,-0.56214202733226,-0.745213947956858,-0.358681631641947,0.0113568519334114,0.426696397660488,-0.904323618036002
0.832791075738803,-0.506173850571884,-0.224158553633449,-0.55338843612409,-0.750335034822774,-0.361605550678692,0.0148412578288234,0.425188626981882,-0.904983076389454
0.826723215624976,-0.51523656074311,-0.225964623824863,-0.562221013326643,-0.74167955387303,-0.365812754753938,0.0208867642458704,0.429467956709594,-0.902840527025135
0.827227601241292,-0.515518437587981,-0.223461934681109,-0.561177802914619,-0.738366062196043,-0.37402544260121,0.0278203030267287,0.434806047225606,-0.900094290636012
0.82067967948109,-0.525734351316845,-0.223804056112197,-0.570470752857393,-0.731702867234576,-0.373060362696199,0.032372578228091,0.433836727267479,-0.90040974575618
0.783209764669237,-0.571573986953742,-0.24471543058124,-0.62058777344279,-0.694508345366604,-0.364045290684363,0.0381219094495423,0.43699123063735,-0.89865754565684
0.777153328276594,-0.579835626170774,-0.244588125165061,-0.627900369062668,-0.688437898643766,-0.363034965591363,0.0421168716737005,0.435710805849594,-0.899100807911059
0.777506111245507,-0.580530526574413,-0.24180271853543,-0.6272137228148,-0.687906078015963,-0.365223457271702,0.0456858062059632,0.435625453278307,-0.898967892400714
0.768335384848187,-0.592660941828615,-0.241689355208307,-0.637663560694804,-0.676240527183882,-0.368895558059581,0.0551898518951858,0.437552005394655,-0.89749781215494
0.767246482595152,-0.594839761888843,-0.239788433043362,-0.638647624505542,-0.674302159564781,-0.370736846455408,0.0588391592291616,0.43758685455838,-0.897248961024145
0.767146992042071,-0.596763812077345,-0.235283754636222,-0.637941096318155,-0.671324995232856,-0.377298169097064,0.067206028220636,0.439540331904276,-0.895705111295166
0.766317005342061,-0.599624446353511,-0.230670263924115,-0.63848240856244,-0.670885538326392,-0.377164166406106,0.0714035102770239,0.436306220216665,-0.896960657398286
0.768287505910187,-0.598944789298101,-0.225830572852652,-0.635646433676779,-0.672309941158245,-0.379411326101092,0.0754182976226327,0.435045379693257,-0.897244447177721
0.771280628327991,-0.596373837983586,-0.222406020005543,-0.632171287373444,-0.677093427069245,-0.376701412846073,0.0740652130664683,0.431141202378469,-0.899239460780646
0.770862721406666,-0.599238199734861,-0.216065371413447,-0.630504940263039,-0.669449823696085,-0.392810964532791,0.0907424104231829,0.439033613214072,-0.893876558266737
0.772241674928632,-0.599227030349796,-0.211115517197542,-0.628241766415066,-0.670740434086858,-0.39423286647951,0.0946312761992533,0.437074634563866,-0.894433164292203
0.774556777504305,-0.598461760044936,-0.204707889896957,-0.625170057109787,-0.675226343208969,-0.391448317316589,0.0960426890267676,0.431176190437924,-0.897141513187271
0.77295686157674,-0.601784691204036,-0.200979788968692,-0.626499640775358,-0.673935785894338,-0.391546621233446,0.100179290523459,0.428562413101574,-0.89794118283258
0.775874096364473,-0.599379169719947,-0.19688574731666,-0.622279199981277,-0.675687847335074,-0.39523983887553,0.103865219690109,0.429174258162719,-0.897229888194327
0.782688333007605,-0.592123622002084,-0.191803518322551,-0.613067011619991,-0.680212138845882,-0.40182121077669,0.107460749286009,0.432089183426111,-0.895405564495244
0.788281408267116,-0.587571126721078,-0.18268166964459,-0.604274910708885,-0.683245628227377,-0.409911263319204,0.116035570702181,0.43351537752645,-0.893644316145925
0.790477350130444,-0.587504835805497,-0.173157809052634,-0.599259102827652,-0.683402034994746,-0.416953458126009,0.126625773873053,0.433358658007655,-0.892281450508109
0.78575910342297,-0.595181815709523,-0.168348559948235,-0.604088406946136,-0.67996252769357,-0.415605771766767,0.132890285503528,0.428263431991672,-0.893829181016991
0.789330677726841,-0.592463057766833,-0.161073295058056,-0.599073507284798,-0.685768380180353,-0.413319079664013,0.134417313128839,0.422740173068978,-0.896226942244448
0.910901883234638,-0.409379906763141,-0.0516318802504064,-0.387442762387918,-0.805548521645365,-0.448307578731596,0.141936129976865,0.428368616046472,-0.892386947346061
0.884648996891096,-0.461104202277663,-0.069130795897758,-0.443006002827336,-0.78500552038844,-0.433026574725641,0.145402316895309,0.413701882521164,-0.898726275703521
0.880604068043856,-0.46909300210617,-0.0669942588557536,-0.448179944871244,-0.778622427516554,-0.439183164959038,0.153854516865185,0.416771964919966,-0.89589615296469
0.88082282932991,-0.469182160963528,-0.0633975012508117,-0.448612351166541,-0.784305647384769,-0.42849925304624,0.151321187254398,0.405872826528153,-0.901315231744126
0.881302693783383,-0.468645282092972,-0.0606396034135427,-0.446983073315003,-0.785085789600236,-0.428773174461333,0.153335234372365,0.404983829973214,-0.901374729710235
0.880853858151033,-0.469436665744999,-0.0610384914185988,-0.447956135053121,-0.784879408913785,-0.428135042400663,0.153074431727542,0.404466970613629,-0.901651089964363
0.880108950172275,-0.471162348764637,-0.0584318143928981,-0.448426677595813,-0.784524483705647,-0.428292947976929,0.155954322309568,0.403146841204266,-0.901748786403389
0.878757413347021,-0.473984667453389,-0.0558922490758165,-0.449497458097249,-0.782564795273207,-0.430748623170307,0.160428936454008,0.403646969786848,-0.900739518468093
0.876516248511959,-0.47816099978239,-0.055509678269892,-0.453423499766414,-0.781396377408533,-0.428750313390438,0.161636616996578,0.400976008833355,-0.901716055300101
0.846730783799576,-0.52623914495301,-0.078226223769786,-0.505786601337884,-0.750624778665726,-0.425138042946174,0.16500573830394,0.399543244182849,-0.90174181579575
0.836760487607853,-0.541682170139946,-0.0800769188389945,-0.521036604932465,-0.742684727786112,-0.420642664780594,0.168382726841912,0.393700167215798,-0.90368547384338
0.838764659731637,-0.539467766250838,-0.0738131069770281,-0.517077247409519,-0.746702715115843,-0.418409100582222,0.17060177547923,0.389113845056894,-0.905254356403974
0.837228854506094,-0.542352711807052,-0.070009864861676,-0.51792677686423,-0.745332639822196,-0.419798892117055,0.175498430162333,0.387727729226598,-0.904912984214141
0.83597726140962,-0.544558893111658,-0.0678058282087775,-0.519577186076597,-0.745689241409072,-0.417117612856958,0.176583028954645,0.383931201102188,-0.906319627231715
0.838101576247107,-0.541555469121493,-0.0656004707049688,-0.516464879264481,-0.748994759103893,-0.415055272609837,0.1756410441168,0.381738817386312,-0.907428068180646
0.828542565977513,-0.55518314482234,-0.0727247692920071,-0.53173722471336,-0.739474015132549,-0.412836171862255,0.175421607042954,0.380722808154338,-0.907897242607082
0.825554653281567,-0.559014420176862,-0.07721652983318,-0.538246089340744,-0.738888526569058,-0.405382402940732,0.169560200974602,0.376226824321357,-0.910880186910726
0.809877791870789,-0.57878204834393,-0.0954426673417036,-0.562545439670584,-0.720205664538431,-0.406012843482304,0.166254595546479,0.382511622413701,-0.908869775148297
0.814713212207263,-0.57113344893003,-0.100244527871655,-0.556966048617479,-0.72265789802486,-0.40933407274465,0.161341880931003,0.389322675855876,-0.906860877710615
0.805751339009158,-0.580947785972269,-0.115171392536812,-0.572048015965487,-0.713042565630288,-0.405378054449579,0.153381377992568,0.392517476774341,-0.906865030372109
0.786335956054523,-0.603004895949525,-0.134390697880183,-0.599235883328911,-0.691520230069258,-0.403380871554392,0.150306754162412,0.39772461184325,-0.905109392718525
0.782376265380048,-0.605328245729773,-0.146509707158552,-0.606334060987666,-0.686564259100674,-0.401233753081353,0.14228979533394,0.402749590995768,-0.904182714442478
0.78039398751218,-0.605853615346323,-0.154682322928734,-0.611488798459678,-0.687767803541922,-0.391224868546799,0.130639479535011,0.399896042969808,-0.907202557979149
0.777475761853872,-0.606652577062029,-0.165843572301552,-0.617801291812868,-0.687356570556011,-0.381919505587018,0.117698783188667,0.399391531779881,-0.909193819148826
0.773303438359644,-0.608635099834315,-0.177665718333126,-0.625623837621255,-0.68697951982474,-0.36966735471424,0.10293981747218,0.397016944967143,-0.912020251632468
0.767326998046793,-0.612563199645221,-0.189672360951473,-0.634883112518055,-0.684111874698448,-0.359046482138403,0.090181547491068,0.395925838178041,-0.9138435419453
0.75863029932883,-0.621094310926639,-0.196778875580723,-0.647080955632095,-0.683069971606916,-0.338676321503559,0.0759361955756568,0.384261982016815,-0.920095877274757
0.754762954987148,-0.62264871550875,-0.206498084384269,-0.653083675683182,-0.683573797645708,-0.325896572133506,0.0617624022785131,0.380835187774882,-0.922577891246727
0.747365543227229,-0.629304484042098,-0.213121118524601,-0.661564917742566,-0.675170279225983,-0.326308065579415,0.0614540837450206,0.384864859937118,-0.920924771724945
0.750957255707113,-0.623821019949745,-0.216588400358147,-0.657788869658713,-0.677799257070851,-0.328484352850048,0.0581119871795329,0.389147147211773,-0.919340793592335
0.745061175449857,-0.628162250177699,-0.224267769171068,-0.664637811441679,-0.670951481618385,-0.328756275858132,0.0560394899985071,0.394000376606144,-0.917400282752804
0.747596813828931,-0.623244921811544,-0.229488063717819,-0.662369838761553,-0.674363640936008,-0.326343188196912,0.0486333286114116,0.395979099473259,-0.916970747695106
0.746418202060846,-0.622828354344754,-0.234402876809264,-0.663845806994506,-0.6722212159895,-0.327761165041575,0.046568360160803,0.40025426643298,-0.915220142935092
0.744478838880714,-0.622310825339485,-0.241827407719046,-0.666443362344011,-0.670945209493885,-0.325093479855896,0.0400562510281893,0.403189487118025,-0.914239429378908
0.752847616599281,-0.610827367650701,-0.245174209715658,-0.657217302224782,-0.677336754798615,-0.330575767798035,0.0358592224840649,0.410005911576646,-0.911377676177688
0.750817047521521,-0.610142291711766,-0.25298249942591,-0.659836651356145,-0.67556244046481,-0.328984775575314,0.029822050200748,0.413934503149888,-0.909818043580077
0.750960277126921,-0.607213292754116,-0.259520094174154,-0.659938333249147,-0.676276608387294,-0.327309250184771,0.0232391584571276,0.417063503618913,-0.908580197595854
0.750611133477317,-0.604721164705539,-0.266261599291136,-0.660525835899646,-0.676381646312631,-0.325904109579011,0.0169866538485688,0.420499918535772,-0.907133547005312
0.747413907922154,-0.604233631022151,-0.276177785830651,-0.664328530282802,-0.675781338764095,-0.319354326775917,0.00632883060490591,0.422162647945072,-0.906498011350924
0.741838336842152,-0.607652043420597,-0.283610430199671,-0.670578483880036,-0.671836122707968,-0.314580230119243,0.000615587866793539,0.423550727010941,-0.905872177903749
0.721340347347851,-0.624882686778031,-0.298646498477968,-0.692520906561807,-0.656443599298907,-0.299159815005806,-0.00910479340204617,0.422614988736279,-0.906263578674847
0.706544230238499,-0.634590381486165,-0.313193707538848,-0.707233347597994,-0.648716823253804,-0.281047105078183,-0.024824237390536,0.42007324474755,-0.907150608380573
0.968890254633415,-0.209035820606784,-0.132497925189962,-0.245247045776715,-0.88285123462004,-0.400534123474724,-0.0332499776569937,0.420568333607179,-0.90665137497976
0.95989501860263,-0.235972526882882,-0.151388638339752,-0.277709271208761,-0.874358065707345,-0.397964236605764,-0.0384592504679352,0.424045916722491,-0.904823710213446
0.959769177650734,-0.236216191731257,-0.151805916866296,-0.278412841108971,-0.87077768615143,-0.405256105699091,-0.0364611510688503,0.431217035916653,-0.901511204810007
0.95102833348226,-0.262087819695964,-0.163875207645853,-0.307192501381791,-0.860251931270282,-0.406939039464818,-0.0343201982621597,0.437351791482287,-0.898635373484975
0.952710687856175,-0.255350470417132,-0.164737617144243,-0.301593397598958,-0.860907852202271,-0.409730512094462,-0.0371990291449971,0.440038415680066,-0.897208128004003
0.946875858194121,-0.269995142487097,-0.174724732658315,-0.318784191568783,-0.859709207651323,-0.399094872787626,-0.0424587844266047,0.433592782819209,-0.900108077017482
0.946835572241058,-0.270944182249246,-0.173469447581513,-0.319334469041315,-0.857009712682364,-0.404425332107416,-0.039088310542277,0.438319064693038,-0.897969098302147
0.939393454609316,-0.292601571684797,-0.178673606570086,-0.341297753387606,-0.847519883581057,-0.406479877075514,-0.0324927833487482,0.442825436467168,-0.896018890340998
0.938228963501833,-0.294905130785382,-0.180989988349448,-0.344330796934044,-0.84729749096115,-0.404380098538127,-0.0340985971711833,0.441721547637645,-0.896503965425453
0.93731421869885,-0.296527652445474,-0.183066672991402,-0.34681772627022,-0.845078840563547,-0.406889687724481,-0.0340517278521873,0.444874257028822,-0.894945459379137
0.934941919118454,-0.300000258341502,-0.189429281976504,-0.352207605707168,-0.849191018409607,-0.393477339543816,-0.0428183413635564,0.434596892818491,-0.899606653152024
0.930095790383938,-0.311323799814466,-0.194934123177962,-0.364627813133815,-0.846642190548276,-0.387612640496758,-0.0443664129644277,0.431595288265175,-0.900975653693245
0.927801944099616,-0.317653804531987,-0.195651764600597,-0.370669930707372,-0.844319357894329,-0.386947831566867,-0.0422771214058502,0.431533176420149,-0.901105855410102
0.92162232869452,-0.330159994186815,-0.203977110211544,-0.385343059480269,-0.840912487129984,-0.379969624442863,-0.0460761300683549,0.428789653825074,-0.902228586894972
0.914425134098618,-0.344039925317507,-0.213221021281316,-0.401559025985102,-0.837189696383826,-0.371300095500463,-0.050764384942792,0.425146965244115,-0.903699637692248
0.907089476149372,-0.357684497087987,-0.221924497976161,-0.417194641153149,-0.834082306725738,-0.360909042558047,-0.0560117278090255,0.419962505647808,-0.905811338081978
0.898176618250103,-0.375588311514252,-0.228499852697286,-0.436153221904767,-0.826533992440934,-0.355825696601216,-0.0552189229422197,0.419255267818453,-0.906187558376067
0.891166308110214,-0.390764813736188,-0.23048963454987,-0.451077545383839,-0.817495121456251,-0.358093248254863,-0.048493910336255,0.423089336595655,-0.904789342288772
0.875606542660598,-0.420203830528666,-0.238205632299051,-0.481240902647764,-0.80126064333847,-0.35551170874612,-0.0414774163698742,0.425922671673928,-0.903808332383268
0.848375066072187,-0.464842089098994,-0.253340836560346,-0.528228409021632,-0.775043923807581,-0.346816470300107,-0.0351353834401845,0.428052272942256,-0.903070737240156
0.856554841088006,-0.456237272384705,-0.241166655024416,-0.514924595670767,-0.786535404950945,-0.340902797776654,-0.0341535500643589,0.416184584103757,-0.908638501810475
0.851921010796321,-0.467854122838801,-0.235251166004573,-0.523157147043388,-0.780254810615413,-0.342795901388756,-0.0231773782209802,0.415108359653527,-0.909476695075008
0.855063844450881,-0.466904333948398,-0.22553528516195,-0.518352126131346,-0.780846536486135,-0.348697232269944,-0.0133001972914731,0.415065090555457,-0.909694495616082
0.840162264767291,-0.493334106247825,-0.225275006322841,-0.542331980715964,-0.762837098583355,-0.352073264701579,0.00184161716864424,0.41797251182056,-0.908457807390423
0.831624225444804,-0.508519216729331,-0.223180092907762,-0.555153207270673,-0.750868914221138,-0.357771980615385,0.0143549333128133,0.421430990641834,-0.906746853325793
0.821303958935018,-0.52513499825281,-0.222919359068896,-0.570224840687716,-0.743723918038714,-0.348881591374226,0.0174194747433434,0.41365198820647,-0.910268418958112
0.807273624390199,-0.54544987065959,-0.225374652437557,-0.589731634025348,-0.730691242554632,-0.343957712348134,0.0229324048827412,0.410578551134135,-0.911536811190249
0.787237074350774,-0.572315663810952,-0.229592181322151,-0.615983064419901,-0.712529409835598,-0.335956402628678,0.0286819301216316,0.40590223093248,-0.91346632439764
0.785301755341121,-0.576508084300213,-0.225697988016401,-0.618136513858899,-0.709637693552367,-0.338114764723524,0.0347620956290077,0.405034285741559,-0.913640423843705
0.772448296852924,-0.59407918528722,-0.224485078117654,-0.633838426496027,-0.699100459132319,-0.330919019003171,0.0396544800250436,0.397905101311172,-0.916569175002351
0.777307457482723,-0.591001807570541,-0.215661725834924,-0.627538092021325,-0.704071174435382,-0.332384903976423,0.0445988744698701,0.393701212568027,-0.918155921191214
0.768849272880254,-0.602230685323646,-0.214916256356092,-0.637661837704502,-0.697140164850675,-0.32769341050331,0.0475202727982752,0.388990735373718,-0.920015234366579
0.768681183194245,-0.603853751227825,-0.210926256618705,-0.637614388496923,-0.69722309424752,-0.327609292343195,0.0507654428207916,0.386316714595677,-0.920968113367239
0.770770242248405,-0.603522937137536,-0.204140388001043,-0.634424085856365,-0.697643517456376,-0.332865741458041,0.0584748916172635,0.386074587223735,-0.92061235063971
0.777452672684846,-0.597840425972039,-0.195330916162188,-0.625503463922704,-0.702539573844574,-0.339387041300905,0.0656715947414697,0.386037527004635,-0.920142526670873
0.781463284456301,-0.595400846572137,-0.186582332893426,-0.619804031498909,-0.706328855608038,-0.341968580827448,0.0718198968564436,0.382880372488094,-0.921001912472991
0.780930488824689,-0.597649667585623,-0.181555629102561,-0.620865062910657,-0.710908859533463,-0.33035612162298,0.0683677210456675,0.370706714629807,-0.926230201649351
0.78738669443294,-0.590643282886179,-0.176529617377384,-0.612645108279289,-0.717938534547575,-0.330499972637123,0.0684701740280192,0.36838128751759,-0.927149967521682
0.787545505971854,-0.591139625921277,-0.174143672549967,-0.612432369761016,-0.719327499285393,-0.327863601579574,0.0685468342992101,0.364858728054402,-0.928536181346791
0.790395689546911,-0.588946786139327,-0.16857145974874,-0.608391447303674,-0.722478228539883,-0.328458606423416,0.0716554310112209,0.362169701082283,-0.929353865233564
0.790789675774232,-0.589204265481494,-0.1658011526718,-0.607714581011906,-0.723462819496878,-0.327543183154759,0.0730388712563974,0.359777545636245,-0.930174951792162
0.785506390538857,-0.596472493320128,-0.164925059148352,-0.613492638044132,-0.715537524815491,-0.334115000630879,0.0812803388788965,0.363629777786957,-0.92799078186065
0.854022476206481,-0.506251228497406,-0.119813621007872,-0.512773477402519,-0.780274435221914,-0.358099380914922,0.0878007460485305,0.367262167101364,-0.925964108164745
0.913960411122561,-0.399797541546648,-0.0695578368980462,-0.394807409796041,-0.836403503143976,-0.38020558793714,0.093826840886923,0.374954804878856,-0.922282721418676
0.917558433537062,-0.393252160493204,-0.0586451985454901,-0.385337590517046,-0.843181312366611,-0.3749136111296,0.0979870521014373,0.366603345242712,-0.925202964152906
0.915000356700315,-0.399405858880317,-0.0570026940623983,-0.38900109891758,-0.835898071726534,-0.387237083354341,0.107016317817473,0.376496180028347,-0.920216351813448
0.908391064986074,-0.413391666427876,-0.0627136602459959,-0.40463104534303,-0.83134507338828,-0.380971240512512,0.105353643496908,0.371446764800852,-0.922457538708914
0.907606519533969,-0.415650622473473,-0.0590335983728673,-0.404859792074623,-0.829358243387276,-0.385036950028,0.111080846507075,0.373362376469544,-0.92101117331783
0.904855788609374,-0.421506893795316,-0.0597322383904422,-0.409577514116099,-0.823668442810814,-0.392194538779018,0.116113142023571,0.379344480387725,-0.917940904115717
0.896104598420817,-0.439151273122695,-0.064363871883084,-0.426852306979304,-0.812951969259898,-0.396113877190512,0.121629177073235,0.382433334048131,-0.915942731994374
0.894920982349079,-0.44200948982139,-0.0611886121692025,-0.427527609616696,-0.810046375016513,-0.401304140693864,0.127814625011352,0.385295316906968,-0.913898758289323
0.891831150478123,-0.447954923317321,-0.0630363840384288,-0.432490679951736,-0.803470650119107,-0.409129229158788,0.132623568010185,0.392136839729388,-0.910296483644365
0.895373598019911,-0.44206777358237,-0.053686157702007,-0.423761302763855,-0.808767678785551,-0.407824962492137,0.136866644032645,0.387905820157108,-0.911480442159612
0.889149952013624,-0.454092781050281,-0.0566754711686797,-0.435502562071903,-0.801634508851526,-0.409535874676665,0.140534270777553,0.388821116217206,-0.910531854643552
0.890470539012176,-0.451707282870237,-0.0549795394065098,-0.433468231883478,-0.805280008488967,-0.404511309947967,0.138446780746883,0.384037287942196,-0.912878880449552
0.88437148263822,-0.462884577572856,-0.0602075455526591,-0.445126321101452,-0.797461663896451,-0.407329661181446,0.140533408693324,0.387030699635962,-0.911294463156851
0.889039367780048,-0.453990053166061,-0.0591779871534209,-0.437892780861342,-0.805460272298172,-0.399354056219384,0.133637251568468,0.380955091022067,-0.914884858120187
0.885076424973106,-0.460464185515076,-0.067915063239048,-0.44759778297891,-0.802008725163659,-0.395522729351585,0.127655578135819,0.380466475026777,-0.915941763842827
0.880084123846332,-0.468410283637515,-0.0777415020195601,-0.458708781123947,-0.796466231199691,-0.393989589555796,0.122630294272736,0.382404692362925,-0.915821195531856
0.87544087766128,-0.475430030053582,-0.087003196739535,-0.469969678444999,-0.795320528764264,-0.382875642824712,0.112835149939869,0.376073853184959,-0.919693800070798
0.868433019649441,-0.486081406005311,-0.0977187654366009,-0.484334826607732,-0.789548456341028,-0.376872671899088,0.106037097835667,0.374617273794736,-0.921096103594619
0.867088804182072,-0.486434391899897,-0.107417819932647,-0.489572615784153,-0.792254815393416,-0.36421279681006,0.0920633452377594,0.3683936615401,-0.925100238136771
0.867038539648735,-0.483737173909136,-0.119342018343042,-0.492856564763883,-0.79758221929411,-0.34778586807837,0.0730518811046847,0.360362248361678,-0.929947564448009
0.861209785166336,-0.490953494105586,-0.131462437826442,-0.504253266845717,-0.792988115742288,-0.341904213438382,0.0636109173741178,0.360741617944219,-0.930494028069934
0.864865990662583,-0.480672478114108,-0.144778406466131,-0.500505427816441,-0.803388541548205,-0.322585133004188,0.0387444824653936,0.351455288895602,-0.935402611171146
0.862872584762132,-0.480029728760116,-0.158184581968049,-0.504872174757026,-0.804044042431779,-0.314033859617198,0.0235582177175646,0.35083420206196,-0.936141214262848
0.856233304123881,-0.486753272788764,-0.173019595244379,-0.516448368970894,-0.798737184843765,-0.308706967422442,0.0120669422972647,0.353680874486144,-0.935288312728386
0.854276990975775,-0.487437631077673,-0.180597282645011,-0.519737736885723,-0.794831083042336,-0.313235110239344,0.00913824634618259,0.361452770412861,-0.932345637204671
0.84527991276735,-0.498555970601467,-0.192207734624935,-0.534316093204373,-0.786759674045002,-0.309055865240279,0.00286035222250123,0.363938400659,-0.931418627101119
0.843452398199656,-0.498221503825282,-0.200906408801022,-0.537192219456171,-0.7797615550177,-0.321553163057265,0.00354560671845984,0.379140146176125,-0.925332469024266
0.835565026761921,-0.50548375572768,-0.215214448278432,-0.549326181133148,-0.774737752862995,-0.313084910224797,-0.00847542176078755,0.379825732388204,-0.925019232363166
0.834943468089148,-0.502280703249256,-0.224907759400825,-0.549980099280605,-0.776233548629981,-0.308193718911666,-0.0197811903221653,0.381019124355643,-0.92435552218002
0.842340994546511,-0.487592951284556,-0.229596957218537,-0.538224408796049,-0.783083288378993,-0.311600785040227,-0.0278591938601539,0.386048801732577,-0.922057583884165
0.833426768748345,-0.494584193735297,-0.246548770917437,-0.550596831862288,-0.781376852277791,-0.293757286663093,-0.0473597917742903,0.380574158386585,-0.923536875328451
0.841243574282286,-0.477532891555138,-0.253518413950058,-0.537057970133088,-0.792089863281847,-0.290107540754583,-0.0622734730466464,0.380205189298008,-0.922803353150375
0.836097867115472,-0.481083565351007,-0.263626553583137,-0.543514417756006,-0.791612125161928,-0.279181519782321,-0.0743803354140699,0.376707906003815,-0.92334106334437
0.854480013286503,-0.452987856964293,-0.254294923930454,-0.515614656171956,-0.799189599799998,-0.308929619674442,-0.0632884921180307,0.395092375292686,-0.916458717974252
0.869494120848422,-0.424028267112684,-0.253337724193306,-0.4886086717298,-0.813535781669223,-0.315311112798593,-0.0723984787165439,0.397944167733692,-0.914548467631032
0.869778723247437,-0.420686548885398,-0.257891062607745,-0.488206061698454,-0.809600300023789,-0.325886783288731,-0.0716924954715844,0.409353370315043,-0.909554838536287
0.870911109329833,-0.416218192646812,-0.261297255545674,-0.48566512670873,-0.810211558169143,-0.328156389101482,-0.075121397383658,0.412698009589276,-0.907764908187233
0.867897467655267,-0.420160202179674,-0.264989415150701,-0.490401277564145,-0.809691969043973,-0.322343764061208,-0.0791237802498681,0.409712484274069,-0.908776709444593
0.865466571553801,-0.421696543086259,-0.270443411958968,-0.494248501862594,-0.806863868443869,-0.323556975208967,-0.081768159631304,0.413693997235751,-0.906736590593771
0.867059897813659,-0.417794178012133,-0.271394838607025,-0.49163317890649,-0.805708456643342,-0.330349360967602,-0.0806470768327425,0.419859390406562,-0.903998971949506
0.865577178815228,-0.418540897777648,-0.274953931417157,-0.493797767943457,-0.804694284031643,-0.32959198051661,-0.0833061335576792,0.421058934276762,-0.903199569296502
0.866953938680533,-0.414046094204625,-0.277410706498877,-0.492536733185844,-0.796827034697445,-0.349963202691217,-0.0761474534631835,0.440036940096138,-0.894745246805983
0.960849232861389,-0.206435600402121,-0.184805558889054,-0.264449004025075,-0.882306127664977,-0.389361812913105,-0.0826769374119877,0.422989645229584,-0.902354854837455
0.963436992251056,-0.194315120716794,-0.184474377145056,-0.253054063688325,-0.886168799990383,-0.388160403408733,-0.0880500017777606,0.420650082353995,-0.902940034222934
0.96253713100699,-0.194101375556529,-0.189332848285487,-0.254595879937713,-0.887202485183097,-0.384776153371903,-0.0932909928748418,0.418564697856854,-0.903382745217345
0.954308973026377,-0.218155468169945,-0.204212085119599,-0.282472948057342,-0.881523647992643,-0.37831876988267,-0.0974854738775814,0.418717386476003,-0.902868945443118
0.956675583346776,-0.208888079804961,-0.202824057605359,-0.273885639807337,-0.882000276661266,-0.383486855415901,-0.0987850420632172,0.422423107896391,-0.900999574572442
0.950578556123971,-0.227606501257924,-0.211176914511017,-0.293054528568438,-0.882401650077151,-0.368084733759297,-0.102564379405315,0.411779805874752,-0.905493202377
0.943520168270051,-0.24753525919531,-0.220218045406743,-0.314111908538955,-0.879725685365316,-0.356954377228434,-0.105372676637116,0.405966764604734,-0.907792699383893
0.939489796165569,-0.256881021428301,-0.226651855784881,-0.324115129233655,-0.880771524315088,-0.345240358239774,-0.110942804645588,0.397811089319578,-0.910734885305126
0.935866542721422,-0.267674410482584,-0.229138002495121,-0.33491423485358,-0.877822263910482,-0.342433246451797,-0.10948182272457,0.397213397251247,-0.911172457626452
0.927421375979995,-0.290591563225407,-0.235470029425377,-0.359179753721923,-0.867540602056897,-0.344039544673306,-0.104304821996073,0.403645695090349,-0.90895030499109
0.918106566999212,-0.310161231930101,-0.246739420929294,-0.379426949478487,-0.867730310404129,-0.321059649310534,-0.11452301795871,0.388386558229756,-0.914352426444023
0.913468263405433,-0.324786129997619,-0.245132008338837,-0.391690894948914,-0.865055291265271,-0.313460660798249,-0.110245065944834,0.38235234119216,-0.917416324587531
0.898695349655696,-0.364299350499464,-0.244197976512698,-0.428906426551219,-0.846304392977137,-0.315924281578138,-0.0915748096928985,0.388657764174689,-0.916820154979395
0.884523661025947,-0.39425714635183,-0.249357565828204,-0.458428245474696,-0.833603271782658,-0.308138165478151,-0.0863796089146468,0.386868049629018,-0.918080429668334
0.857495762786063,-0.44420549932547,-0.25958137678377,-0.509261498964251,-0.804580560220057,-0.305455148571216,-0.0731692727627667,0.394121296665112,-0.916141179643388
0.839251969957808,-0.473751240432545,-0.266863060595811,-0.5385030283192,-0.7921457006844,-0.287262384203487,-0.0753035152764398,0.384792088114928,-0.919926317435894
0.810160134211564,-0.51850134631552,-0.273490238954325,-0.58152447428959,-0.769721051412092,-0.26336056807214,-0.073958385167043,0.372405500606607,-0.925118533152064
0.789412726615704,-0.548724077673707,-0.27518981383456,-0.609947963550522,-0.751693727957124,-0.25083863560164,-0.069217258091686,0.365866677809091,-0.928089729094772
0.776386318016617,-0.568634635574667,-0.271806799807266,-0.627708591682487,-0.736388783789643,-0.252415298737614,-0.0566233973246933,0.366587247914703,-0.928659022753634
0.771556338183751,-0.580574139767109,-0.260066309317764,-0.63448908282126,-0.731907244474773,-0.248466072665827,-0.0460914394342144,0.356714807260682,-0.933075626887691
0.756256192173671,-0.602039897894096,-0.256172857935119,-0.653097337895313,-0.718112761276624,-0.240370400269497,-0.0392484271409016,0.349087415177531,-0.93626787701578
0.756643667516863,-0.605678150762234,-0.246260711636817,-0.653117962660051,-0.717703992680508,-0.241532411368001,-0.0304513917155721,0.343591263829128,-0.938625461066813
0.761193564618827,-0.604101312113635,-0.235893963223877,-0.648331309694109,-0.717724479083305,-0.254043470679567,-0.0158388779023254,0.346313697140588,-0.937985049518174
0.74983988876728,-0.619251337964293,-0.232954763082678,-0.661609185937657,-0.703761761860581,-0.258829418006921,-0.003664191095575,0.34820563317144,-0.937411014833564
0.749605761346177,-0.621483313168287,-0.227705278836452,-0.66184847706755,-0.700218226960286,-0.267677096584594,0.00691346222830339,0.351358685798377,-0.936215401472362
0.770842639047546,-0.601286723729234,-0.210370867025781,-0.636811677472323,-0.71879403555344,-0.278937308167421,0.0165079756815029,0.348983395478587,-0.9369834984775
0.795713779094687,-0.575127216064275,-0.189916474011624,-0.605048258785305,-0.740568327441642,-0.292361346506614,0.0274988417887498,0.347544583805367,-0.93726014316615
0.778385751234624,-0.597690845203954,-0.192044983882144,-0.626948978702023,-0.724288104784676,-0.286952468837457,0.0324129662234194,0.343762119534431,-0.93849720553329
0.778772117046452,-0.599832535750509,-0.183616226859451,-0.625912634209993,-0.723503945789059,-0.291162179487601,0.0418014837929811,0.341676703160716,-0.938887462090068
0.770901664354841,-0.610385707830276,-0.182043707860142,-0.635294162498764,-0.716200113679216,-0.288892236415021,0.0459559679468343,0.338358810794711,-0.939894336703684
0.773576695904237,-0.607282967164684,-0.181070409911561,-0.631703519819807,-0.716308211252551,-0.296400420950169,0.0502967056689637,0.343671273579606,-0.93774212719437
0.748427495890849,-0.635219094281655,-0.190664589409116,-0.660495947601255,-0.68787897797651,-0.300944537847612,0.0600115538615179,0.351168355519095,-0.934387178574889
0.75135837575896,-0.632465510657003,-0.188276310262959,-0.656699410170526,-0.688599351536241,-0.307533441670255,0.0648573500733739,0.354708769123694,-0.932724618120597
0.747679049433345,-0.637431847573701,-0.18616304342492,-0.659987298705289,-0.682293894342052,-0.314470677951464,0.073435717373399,0.357988381714178,-0.930833773544728
0.747235584287337,-0.640095104674073,-0.178653963143977,-0.659144215089642,-0.679614928755802,-0.321951009201875,0.0846633645009623,0.358331976782052,-0.929747443732353
0.746110243956467,-0.643856008486169,-0.169614103775241,-0.657617907626064,-0.672736532884635,-0.339063777027092,0.104202645996818,0.364520229423029,-0.925346859782127
0.744319413859616,-0.649139114444236,-0.156866249557481,-0.657254529362577,-0.670419713432135,-0.344316557072051,0.118343118870739,0.359382550967805,-0.925656031296625
0.82830052916681,-0.550807778724296,-0.102611033903716,-0.546497269659119,-0.753876525117659,-0.364706620630408,0.123527193917415,0.358163336724086,-0.925451271861225
0.834118587308332,-0.544052601281677,-0.0908457447841842,-0.536119627193458,-0.760932482016201,-0.365455199922797,0.129699374110674,0.353537161909897,-0.92638520470914
0.835272912173487,-0.54462507868454,-0.0755161297808674,-0.532523754325443,-0.767115223849424,-0.357704744751286,0.13688540195491,0.338995216789716,-0.930776358598206
0.833674163625249,-0.547051777472861,-0.0756421950205359,-0.532040564386049,-0.758866752870947,-0.375571683217572,0.148054809957382,0.353349125017862,-0.923701341937747
0.835249411943292,-0.545053419432769,-0.0726305019467078,-0.530161229349239,-0.763206400766183,-0.369384705590841,0.145902332891866,0.347034234325914,-0.926433888338794
0.833683865101024,-0.547807174129197,-0.0698463531102433,-0.531191912877866,-0.760879176383391,-0.372690260993343,0.151017763072331,0.347807675186613,-0.925323433356096
0.827789772551629,-0.556564008253884,-0.0707149006595677,-0.538458839353133,-0.752740270828955,-0.37874023155037,0.157563227884553,0.351594353465355,-0.922797507490067
0.821681583145818,-0.565857053914308,-0.0681554873388931,-0.546534371320078,-0.748352380200243,-0.37585754750224,0.161677323347306,0.34608454109372,-0.924167697731964
0.835325588038215,-0.546788464803181,-0.0570397819665429,-0.524529067494322,-0.761624823151037,-0.380521860231038,0.164622049926938,0.347778670303877,-0.923011146823006
0.832007749572679,-0.551764353747764,-0.0576125210724042,-0.529015267903054,-0.757829624507823,-0.381886248173186,0.167050743717187,0.348210221205014,-0.922411887863491
0.833548510561986,-0.549892750146828,-0.0530551022603175,-0.525142600680928,-0.75887106970838,-0.385149254847689,0.171528800759422,0.348902082102725,-0.921327958771695
0.83167695840179,-0.552835666064593,-0.0518282084435256,-0.526929882663473,-0.756364410866516,-0.387630980096801,0.175095218723432,0.349693586303017,-0.920356485324425
0.825325518743416,-0.562335173658757,-0.0511560414524643,-0.536460319250602,-0.752616029052439,-0.381810736730752,0.17620475016427,0.3425613306833,-0.922823721379134
0.827643683059922,-0.558984419581881,-0.0504217468530744,-0.532335290553717,-0.753359895283715,-0.386093261543373,0.177834395779044,0.346388924249632,-0.921080691815372
0.837717783904141,-0.544221063061284,-0.0453028591943293,-0.518046719869444,-0.765692018439787,-0.381239201722639,0.17279036594453,0.342839856810802,-0.923365757443227
0.830102920986206,-0.5544015728312,-0.0597330445604432,-0.533378389167085,-0.758224398336373,-0.374971006528465,0.162593464012837,0.343124842892112,-0.925110105690436
0.821551014343644,-0.565563482350673,-0.0720546893845868,-0.547471649759422,-0.747289268252621,-0.376607942380611,0.159150003269322,0.348850536742946,-0.923566229067268
0.785604929275224,-0.611533914262354,-0.094080639907658,-0.600907887745052,-0.717875507147884,-0.351517377497825,0.147426610705975,0.332687583092804,-0.931442089725184
0.792675659540976,-0.601234526638511,-0.100907595100882,-0.591486807948452,-0.718365017878412,-0.36618991945642,0.147677536525463,0.34995534724635,-0.925052755327747
0.780339393543807,-0.615464722421103,-0.110786309347313,-0.610120951688702,-0.710419705220671,-0.350793766684426,0.137196411010479,0.341331243646534,-0.929876404107854
0.776523506753018,-0.621639018478654,-0.102840527832618,-0.62025109153515,-0.725421401770586,-0.298416442748473,0.110904584708888,0.295514332238038,-0.94887905052881
0.780984040868773,-0.616056513613574,-0.102656222132762,-0.617120856267412,-0.735918659226853,-0.278541874341233,0.096050906648814,0.280888054277925,-0.954922051424043
0.787912107910264,-0.602764026947804,-0.125976339151731,-0.610238491237763,-0.736895208469639,-0.290851225794812,0.082483295401329,0.306040813539884,-0.948438467391313
0.818933055062502,-0.561407757491483,-0.119037729961481,-0.569766951260706,-0.770551867114063,-0.285684163610992,0.0686605605648378,0.301779969374073,-0.950901981019866
0.803281982462831,-0.576637609698854,-0.149087637755035,-0.592305659701557,-0.74712202716035,-0.301633356937379,0.0625464798057221,0.330602092571419,-0.941695382940424
0.806190314935721,-0.569922924221422,-0.158886867143722,-0.588942272639274,-0.747321605397646,-0.307664456192736,0.0566054379219085,0.341611297460707,-0.938135142633982
0.82652405458426,-0.542071284467103,-0.151712589292317,-0.560161731422475,-0.765505950865771,-0.316574594430548,0.0554691071080956,0.346640104063676,-0.936356671579455
0.813928890519809,-0.558275836406081,-0.160772670756825,-0.578927989588974,-0.756249611564574,-0.304842431231119,0.0486018934575682,0.341195860897405,-0.938734914903466
0.805101940827199,-0.56835992963796,-0.169640370366876,-0.591729680196146,-0.749954928576213,-0.295674805621334,0.0408270798765262,0.338429601964989,-0.940105607930606
0.806579585049417,-0.56381003270638,-0.17761649698477,-0.590213726509681,-0.751439123065866,-0.294935588502909,0.0328196590638339,0.342720719165959,-0.938863876519542
0.794346921517763,-0.576363483048952,-0.191880441116161,-0.606977027847678,-0.74042319514225,-0.288708122089664,0.0243280895355885,0.345801427849887,-0.937992279582581
0.81554947336813,-0.546721181575242,-0.189670783480053,-0.578640479933739,-0.766265082284339,-0.27930810703205,0.00736555978982859,0.337540772779743,-0.941282091214019
0.813421188786865,-0.546949490321846,-0.197970262083063,-0.581675138747642,-0.764890246679798,-0.276761528209808,-5.09458049281635e-05,0.340278070951964,-0.940324854416672
0.836675438736372,-0.512994681485434,-0.191861061664314,-0.547594070937772,-0.79036746319354,-0.27469984819582,-0.0107211794639313,0.334896595821257,-0.942193890034443
0.825106547117952,-0.527191224781004,-0.203146741093714,-0.564739426887061,-0.780028815098989,-0.269489197064636,-0.0163879718807964,0.337082275014829,-0.941332552421545
