X1,X2,X3,Y1,Y2,Y3,Z1,Z2,Z3
0.831928982808595,-0.520299107659186,-0.192828955637144,-0.55287578459567,-0.806783780361548,-0.208394574193409,-0.0471437627982581,0.279979946272203,-0.958847587114155
0.83116039193793,-0.521799690173259,-0.192087183874088,-0.554522684434924,-0.803313134021056,-0.21723858118749,-0.0409511333258618,0.287076805131238,-0.957031824254015
0.895195295630222,-0.415955219844765,-0.160020741672488,-0.444342235112344,-0.860741719602406,-0.248361974205512,-0.0344290687774959,0.293436444941297,-0.955358410233211
0.940997480424232,-0.314753233010332,-0.124314698023969,-0.337477488784319,-0.900090019477905,-0.275584653781907,-0.0251532582198962,0.301277876960469,-0.953204571146779
0.938564312650873,-0.321807910230146,-0.12464629930929,-0.344430666301633,-0.896055047884537,-0.280094389932488,-0.0215533554048551,0.305818606487483,-0.951845803056801
0.940340329075252,-0.317303416261129,-0.12279498175277,-0.339565157579217,-0.897875155530019,-0.280206546747475,-0.0213440687978663,0.305186413706377,-0.952053403762726
0.933595352661164,-0.33607084343537,-0.124322587175928,-0.358060501542473,-0.888377440297361,-0.287364230212917,-0.0138706425456851,0.312796917765103,-0.949718744424907
0.929191916390434,-0.347446014835624,-0.126030350668068,-0.369397311469605,-0.884252417987318,-0.285732895485643,-0.0121658864740984,0.312055969432448,-0.949985822603619
0.922902520034923,-0.363981526841867,-0.12557223670482,-0.384998207063657,-0.876788578191475,-0.288128738085497,-0.00522676486536299,0.314259824461917,-0.949322623589161
0.916021570197295,-0.379977120107669,-0.128537430843952,-0.401124398371579,-0.869245557729992,-0.288983351419616,-0.00192352913164351,0.316274482943782,-0.948665774377005
0.905121189477841,-0.404088126786317,-0.132168143470897,-0.425136757972385,-0.857468264022082,-0.289839461108535,0.00379069636709178,0.31852937381862,-0.947905411228236
0.897324072954034,-0.420438478131396,-0.134316768140613,-0.441271738497811,-0.848074413751284,-0.293341169193032,0.00942130035098528,0.322492286492206,-0.946525205291822
0.894695825205175,-0.426678798731548,-0.132153634355757,-0.44644735419538,-0.84474043469196,-0.295124309280656,0.0142877672285434,0.323046127835395,-0.946275361085863
0.896256521358743,-0.424467023788402,-0.128654551564032,-0.443142430624452,-0.844744289768944,-0.300053113769903,0.0186824543938534,0.325936850661257,-0.945206927227495
0.894781260432867,-0.428239495568243,-0.126401860799698,-0.445937594122586,-0.842824086276706,-0.301309179647743,0.0224979582702497,0.325973149242836,-0.945111288603823
0.896020874336766,-0.426464306691279,-0.12359121275845,-0.443452550773419,-0.84555761554166,-0.297291362155126,0.0222806634848546,0.32118610480192,-0.946753958595814
0.88689440987678,-0.444586555091402,-0.125543222681586,-0.461083471251371,-0.835027123415418,-0.300219479213722,0.0286415479348572,0.324148882756878,-0.945572399945855
0.884325789627472,-0.449684876694286,-0.125504619326116,-0.465924095846094,-0.832941164063817,-0.298536018125139,0.0297091687825254,0.322478726244784,-0.946110372213408
0.882580713824501,-0.453408673958562,-0.124385923496884,-0.469160303718748,-0.832071073497023,-0.295882304411811,0.0306576743991919,0.319496953081949,-0.947091233182835
0.884408197882912,-0.450322411801831,-0.12260450622421,-0.46571882940786,-0.834378719596239,-0.294818798959484,0.0304649216718686,0.31783938980863,-0.947655006230435
0.886835100706497,-0.446136288334858,-0.120357452555682,-0.461306068958891,-0.839651925111055,-0.286672906635756,0.0268368197928002,0.309753219334513,-0.950438176955931
0.886723534567359,-0.447038434000354,-0.117804973455626,-0.461450150643842,-0.840429233877166,-0.284152179853359,0.0280202019112013,0.306325548022283,-0.951514333530349
0.889092221723231,-0.443392946886527,-0.11365613015817,-0.456772557488369,-0.843413609931799,-0.282864478694915,0.0295609877504793,0.303407609056024,-0.952402210607537
0.88947763536607,-0.442724697352336,-0.113244772673475,-0.456305982266707,-0.847023144299735,-0.272647471230169,0.0247868257588614,0.294188095229689,-0.95542607139115
0.892374755951732,-0.437608671436958,-0.110299345525115,-0.450561137520725,-0.849970593182647,-0.273028665309654,0.0257285113467238,0.293340487161116,-0.955661761449081
0.891310678878827,-0.44148961543301,-0.103209462654247,-0.452036596368967,-0.847717905045288,-0.277555884478763,0.0350455312375902,0.294042978032875,-0.955149484536234
0.893459437807366,-0.436986896157828,-0.103791548689159,-0.448128414168839,-0.851780203061916,-0.271387932831072,0.0301853840039763,0.288986052013154,-0.956857306150914
0.89485968772265,-0.434794052246984,-0.10089733108248,-0.445410322326235,-0.855224956778227,-0.264952671375322,0.0289099300268877,0.282036177527507,-0.95896809671204
0.89272028230551,-0.439225543668,-0.100654951939387,-0.449724186025869,-0.854441608992518,-0.260149367336625,0.0282604682151606,0.277507582980765,-0.960307704501236
0.89197742886506,-0.441004855312942,-0.0994534262139167,-0.451106126155315,-0.853819815860045,-0.259797969564552,0.0296568599217947,0.276597974748786,-0.960527995960789
0.89359111303888,-0.438129743438684,-0.0976588481003552,-0.448098507211828,-0.857817305440644,-0.251708558299244,0.026507556139085,0.268685314821829,-0.962863204752694
0.891484460433303,-0.442684035506796,-0.0963654580924121,-0.452176291622067,-0.856189043025289,-0.249953843535873,0.0281435268020589,0.266404142818497,-0.96345045258606
0.894206096919759,-0.43786570057396,-0.0931079185268652,-0.446736118286303,-0.85953094933968,-0.248260725338735,0.0286757188230067,0.263590924328028,-0.964208238795894
0.894043526450342,-0.438690239789874,-0.0907581749780088,-0.446961652415637,-0.859859912408679,-0.246710786757335,0.0301902978143618,0.261135605664265,-0.964829902818231
0.898555996032472,-0.430314738764485,-0.0861762588892421,-0.437422904579037,-0.862307003605836,-0.255123174333424,0.0354728705313103,0.266937927493223,-0.963060651424349
0.901087760633572,-0.425746378727609,-0.0823460298782014,-0.432090034206328,-0.865511440997705,-0.253353799737937,0.0365930317949845,0.263874906920692,-0.963862533518991
0.902466728177359,-0.424015156894666,-0.0759272761031507,-0.42838614883951,-0.864964468514216,-0.261384344769101,0.045156527936786,0.268416867822256,-0.96224387400138
0.906175347303931,-0.417261128304101,-0.0688432331096397,-0.419728600618972,-0.867473011388009,-0.267055193426112,0.0517121045891433,0.27089430654742,-0.96121908684709
0.907703870416592,-0.415009543079266,-0.0619738879196624,-0.415191756072194,-0.866914124544978,-0.275818248769188,0.060741166604101,0.276092339295304,-0.959209847146087
0.909729670993787,-0.411272419866933,-0.0569817722638794,-0.410039612495763,-0.868347491393163,-0.278998477371339,0.0652643999272245,0.277177976845199,-0.958599461325814
0.907206592861709,-0.417525355070887,-0.0514662582783967,-0.414678838789828,-0.866936601706151,-0.276518334441156,0.0708354327167496,0.272201224271898,-0.959629530067052
0.905792258771049,-0.421445689390597,-0.0438624536993282,-0.415560281130455,-0.863352504128526,-0.28623784928234,0.0827649484819412,0.277499521637582,-0.957154103994594
0.906416705040714,-0.420762357128201,-0.0369837213792227,-0.412749136470721,-0.863742053683471,-0.289115573847784,0.0897045548777189,0.277324184885812,-0.956579525868921
0.903183899396045,-0.427633023820264,-0.0372671545746678,-0.42074475328843,-0.864736686634017,-0.274234052169821,0.0850452611966886,0.263363740343198,-0.96094060369017
0.901337353203197,-0.431878898812745,-0.032735187198881,-0.423759365553664,-0.86371326122789,-0.272813860506827,0.0895487343640913,0.259769165105048,-0.961509752958552
0.900037703035775,-0.435054326078521,-0.0256878662883899,-0.42458170087599,-0.862025761106238,-0.276842855191286,0.0982980793064539,0.26007560544883,-0.9605717917236
0.900183458659366,-0.435087727196225,-0.0191940198833983,-0.422549958058463,-0.861873095561795,-0.280403816114404,0.105457449717185,0.260525309307852,-0.959690204966788
0.900719370136503,-0.43424773540148,-0.0115551096744009,-0.419795788472062,-0.863287337531336,-0.280190058423166,0.111696518486572,0.25722339931807,-0.959874997383115
0.901592289717177,-0.432563548426125,-0.0044854983600304,-0.416134022688325,-0.864422495622969,-0.282145749963012,0.11816860109086,0.256247001219443,-0.959361066586649
0.901288765039465,-0.433204326373172,0.00354593079495388,-0.414528374878985,-0.864753617085466,-0.283491460467139,0.125876083645085,0.254037779373796,-0.958968205008386
0.904844494447971,-0.425634928966774,0.00955762055353647,-0.404280925205863,-0.866053200985489,-0.294123760647588,0.133466753844872,0.262272301828153,-0.955719553693381
0.906380009243478,-0.422238725121715,0.013774536339986,-0.399847327277691,-0.867927100727866,-0.294660249594355,0.136372261522202,0.261566448210984,-0.955502799293446
0.908279507460528,-0.418025216148706,0.0168301809583035,-0.39535624814258,-0.870791399979455,-0.292259772764648,0.136827531520102,0.258799645257964,-0.956190864959746
0.909694657788397,-0.414746894435825,0.0209915017826104,-0.390920554466551,-0.872300698758611,-0.293721996181429,0.140131187416703,0.258991321285246,-0.955660371581927
0.910556698158679,-0.412604883403076,0.0253714333512863,-0.388951903492488,-0.87591208257002,-0.285472311052089,0.140010414640966,0.250070457671002,-0.958051068572172
0.90829909988743,-0.417139474579551,0.0314229834863025,-0.388434001257846,-0.868905178794657,-0.306794421283448,0.155279656782542,0.266455341495197,-0.951256946980244
0.909125451733695,-0.415326370572891,0.0315423353091561,-0.387080726443137,-0.870403649725671,-0.304246606818359,0.153816202742947,0.264388903797003,-0.952070944479853
0.910537476668033,-0.411778060987264,0.0368826798454411,-0.382659279243376,-0.873186189731982,-0.301857174952466,0.156503608878365,0.260738770709138,-0.952639445885554
0.907924278022195,-0.417149978827777,0.040735740349974,-0.386382175750461,-0.870678659563477,-0.304347640114206,0.162426351434166,0.260585047431221,-0.951689609807238
0.908543766587553,-0.415301859645673,0.0455257022982444,-0.383450397045383,-0.87216572790556,-0.303797195630082,0.165873497583674,0.258556199774459,-0.951648398494712
0.906661123936633,-0.419059563832106,0.0485251306315325,-0.383971915782648,-0.867398471551925,-0.316520867305123,0.174731720738293,0.268344877928068,-0.94734357666984
0.907676195164671,-0.416618037623174,0.050530539858603,-0.379482964188888,-0.866201097953124,-0.325097428158418,0.179211061661387,0.275907717601046,-0.944329564689352
0.905889886884861,-0.419222788555808,0.0601312430873142,-0.376730417099181,-0.862524816912296,-0.337824115543409,0.193488257194102,0.283378181527621,-0.939286484818177
0.903161823252719,-0.424811480224585,0.0619187151693331,-0.382467479079538,-0.861729122506465,-0.333378983846885,0.19498037969336,0.277413275986633,-0.940757421358449
0.904083095061245,-0.422169598448897,0.0663821314057956,-0.379697930744442,-0.864794304299059,-0.32857311612531,0.196120469642689,0.271852241847302,-0.942142834176287
0.904457948241557,-0.420680583789912,0.0705950868322425,-0.377786942396234,-0.866838599837717,-0.325373428519127,0.198072830084235,0.267616681568181,-0.942946692941259
0.905373536012231,-0.418671724134622,0.0708007605810292,-0.37686878184559,-0.869135469918264,-0.320270910636886,0.195623826664674,0.263282210451261,-0.944676556341358
0.907626422717651,-0.413854613404414,0.0702754277727538,-0.373785039803555,-0.872965986679247,-0.313392932466868,0.191047169054699,0.258175802632647,-0.947019658788123
0.904516482738136,-0.421169041887016,0.0668324068921999,-0.382053496297194,-0.869976873897151,-0.311729634220475,0.189433519795526,0.256431037591228,-0.947817527026043
0.904064220176319,-0.422318735425212,0.065686920355838,-0.383492956805172,-0.869407469859351,-0.311550643449165,0.188682372991784,0.256471318204614,-0.947956446816296
0.904438311576762,-0.422169802643937,0.0613514326463203,-0.382934484239845,-0.866799539444121,-0.319405289873891,0.188022661751557,0.265388801864434,-0.945630087567448
0.902128594063379,-0.427804052181802,0.0561043020637596,-0.389658836132635,-0.86363583607012,-0.319842358169185,0.185283542704126,0.266677399852884,-0.945808211642674
0.90656760035928,-0.419572361731746,0.0457626403265912,-0.38602192009989,-0.868110013971881,-0.312044998107861,0.170652463156001,0.265224502851049,-0.948964540910884
0.905492781498302,-0.422641416772065,0.038171396141225,-0.390162695134416,-0.864522294350159,-0.316818992323671,0.166900850746535,0.271984255795146,-0.947717611221636
0.904382340721558,-0.425758587662402,0.0286741490320558,-0.394447359652614,-0.859724954282064,-0.324475397291975,0.16280006834789,0.282139376933494,-0.945459417283207
0.909271482637273,-0.415660153701851,0.0212604677081492,-0.384892465838997,-0.859207108339284,-0.337077045672976,0.158376641595255,0.298311551240979,-0.941236982801467
0.91089173915291,-0.41251237176506,0.0104777232141145,-0.385687136507891,-0.860135493432548,-0.333784909290236,0.146702666217523,0.300000793462805,-0.942591030960065
0.915115519261779,-0.403146108157818,0.00606645559194525,-0.377702270798329,-0.862430443160217,-0.336978820319998,0.141083595928193,0.306083234084582,-0.941492683334445
0.915114060507229,-0.40318119774059,-0.00334335915430944,-0.381728262844842,-0.863692407707374,-0.329118456203991,0.129806739453043,0.302457181526746,-0.944282724471578
0.916852679356485,-0.399060724777249,-0.0114761621237599,-0.38209966205673,-0.86882954086671,-0.31485723300168,0.115676326934111,0.293062735361556,-0.949069660525209
0.918838274612925,-0.394140407418387,-0.0197373844875844,-0.381412350194189,-0.874104021901067,-0.300776957255246,0.10129582531224,0.283893462651831,-0.953490250415737
0.917171787082622,-0.397571778895593,-0.0270664664384456,-0.389001469380267,-0.878525150523081,-0.277256950712496,0.0864509676039713,0.264821148181545,-0.960414488476796
0.914128471972064,-0.404119752357224,-0.0325017304886415,-0.397274573976425,-0.87687564949796,-0.270669555342638,0.0808829376436715,0.260338858168095,-0.962123500038255
0.911762555242304,-0.408870704554032,-0.0389074519278044,-0.403780605672985,-0.874994458504679,-0.267106570620157,0.075168246889109,0.259247843855245,-0.962881244035849
0.912019634158417,-0.407959405906865,-0.0423002368984554,-0.403576001229876,-0.874236904621562,-0.269881910896252,0.0731204358633799,0.263208962100129,-0.961963847620752
0.908614571832906,-0.415028198323623,-0.0465956483928665,-0.411441192987616,-0.870404251135779,-0.270393388080571,0.0716638302481205,0.264854741700069,-0.96162168300905
0.90746595195979,-0.41685238867524,-0.0523414949104322,-0.415455051494564,-0.871860607823304,-0.259337966201688,0.0624711631183624,0.257085912841847,-0.96436724705732
0.898878686574457,-0.433993326513083,-0.0605549284888433,-0.434655712039432,-0.865524175440684,-0.24888212816355,0.0556014281621789,0.250035386035323,-0.966638912374467
0.898901230615255,-0.433065800887524,-0.0665626749765026,-0.435666991833742,-0.867275624961792,-0.240888485763998,0.0465923794725937,0.245534116669723,-0.968267601299507
0.900089408750403,-0.429885797440926,-0.0709736388663365,-0.433717129521366,-0.868471808933685,-0.240096165415442,0.0415753269992726,0.246890498492818,-0.968151111107595
0.90192292421539,-0.425645932584207,-0.0732159740034974,-0.429658413507043,-0.867024116339257,-0.252314940874972,0.0439168131513563,0.259026488530904,-0.964871282483824
0.902442678060367,-0.42338687127392,-0.079628952323345,-0.429100144070421,-0.866921936364911,-0.253612741415049,0.038344219564056,0.263039756466952,-0.964022721383594
0.903606340128475,-0.419924590815681,-0.0846104018895239,-0.427033574951738,-0.867499096085594,-0.255122802106388,0.0337328911236742,0.266662063891661,-0.96319958250483
0.906709347821019,-0.412144919394358,-0.0895249908762909,-0.420755758712031,-0.869334795157131,-0.259271296984014,0.0290301581918625,0.272751864056926,-0.961646333414123
0.9108736510723,-0.401860105918685,-0.0939023271982134,-0.412009648051029,-0.872512592686334,-0.262621068303055,0.0236059673617503,0.277903276113821,-0.960318971712067
0.912592112120645,-0.396298126097254,-0.100615267961601,-0.408545339535019,-0.8740021814329,-0.263079631280622,0.0163200012069721,0.281190295178082,-0.959513249235396
0.909398298215473,-0.4027468408377,-0.103873564481315,-0.415318583037287,-0.865799218614138,-0.279109633712362,0.0224768722624334,0.296962447528978,-0.95462458326344
0.91154875126286,-0.396626690837264,-0.108471849742699,-0.410826644834453,-0.867360178826395,-0.280905300911733,0.0173303769488096,0.300622002357988,-0.953585900552796
0.910580303519385,-0.39842835209668,-0.109992541056514,-0.412802306678382,-0.863150923663744,-0.290800169496911,0.0209228689130371,0.310202081269531,-0.950440372844346
0.902798342559183,-0.411158226402744,-0.126111321988718,-0.429914784885728,-0.85508382976212,-0.289836025738699,0.0113327141078662,0.315880605515273,-0.948731264716334
0.902959439039865,-0.409345378630125,-0.130769310019481,-0.429710361127258,-0.857525949801753,-0.28283962055639,0.00364101478888165,0.31158563254868,-0.950211101072044
0.903515687112529,-0.407253762849809,-0.133430790248152,-0.428542472899507,-0.856199201219469,-0.288572827467034,0.00327903381360777,0.317910837304761,-0.948114944224293
0.903968902872836,-0.405604924126258,-0.135369376756393,-0.427593079152234,-0.855913777106335,-0.290819127329477,0.00209315551084224,0.320774456096648,-0.947153296471013
0.90490690842783,-0.403029314882655,-0.136787639883157,-0.425604856415298,-0.85537965321214,-0.295273017843474,0.00199831811782743,0.325412077550752,-0.945570191212056
0.90876961525286,-0.393997997363041,-0.137489506752631,-0.417272552085408,-0.854322199633457,-0.309866417169693,0.00462640997949273,0.338967782078718,-0.94078660653909
0.904166556599632,-0.403629147948757,-0.139879765702281,-0.427158979931764,-0.851020437044558,-0.305449540179952,0.00424779830252817,0.335928156989928,-0.94187803326701
0.90500711101883,-0.401258563165891,-0.141257546670598,-0.425375824198743,-0.85034485145833,-0.309788705064519,0.00418774313823362,0.340448526336003,-0.940253829411533
0.905630427275147,-0.400351241271073,-0.139829942452056,-0.423961337004651,-0.847377685946623,-0.319699612269041,0.00950336354471815,0.348812185814167,-0.937144463308021
0.905885012085104,-0.398062475069708,-0.144632675495371,-0.423523374283439,-0.851863557471927,-0.308150013608377,-0.000544348364454848,0.34040379755909,-0.940279191672457
0.905470008383424,-0.397713864459877,-0.148147716602427,-0.424355413384946,-0.854015576793935,-0.300964911117915,-0.00682253977739708,0.335381986113914,-0.942057522840974
0.902429909585663,-0.402982153890453,-0.152399612634097,-0.430657412384988,-0.85393820433286,-0.292102270341463,-0.0124278494952901,0.329233848239488,-0.944166628159638
0.911904397730857,-0.381609389150895,-0.15101206412404,-0.409933309748279,-0.86455004829418,-0.290702417522373,-0.0196227153560415,0.326997688227931,-0.944821391023533
0.907725997268528,-0.387194716989044,-0.161597540261694,-0.418353642425607,-0.864508892120925,-0.278576031476287,-0.0318393428337122,0.32047562556242,-0.946721516428296
0.910577859788738,-0.378498864737936,-0.166092054760773,-0.411232124017328,-0.870087872828433,-0.271726394987843,-0.0416665505982743,0.315730427657814,-0.947933645152579
0.907395929873866,-0.384082610500285,-0.170625832626917,-0.417727820185929,-0.868867670276119,-0.265654737943185,-0.0462179044424855,0.312329185092005,-0.948848979263143
0.90276660662968,-0.393248824545717,-0.174263639201484,-0.427600202795509,-0.864384541288465,-0.264570276771163,-0.046588845484438,0.313360378438216,-0.948490776286984
0.906188530052824,-0.386455086256366,-0.171682306331456,-0.420671861307027,-0.865211381824145,-0.272845102331771,-0.0430991079395434,0.319471017572076,-0.946615410727228
0.905761581532412,-0.391445078276947,-0.16237828707268,-0.423000788750271,-0.858420414062562,-0.290146041567533,-0.0258125964705497,0.331489280993239,-0.943105808724574
0.90175723951851,-0.403126461851877,-0.155958124926997,-0.432053751881768,-0.851317416243972,-0.297637719861875,-0.0127842270335277,0.335779261650383,-0.941853943552119
0.906098362394728,-0.389511345780264,-0.165126221945639,-0.421583095430531,-0.863967218696991,-0.275369458481141,-0.0354041143485441,0.319126239167876,-0.947050680883427
0.901105516677652,-0.406770562170358,-0.150155111683595,-0.433529530196083,-0.851449258137941,-0.295103892323217,-0.00780988226964055,0.331016420390228,-0.943592674394505
0.903891157121456,-0.399753932693016,-0.152241812174259,-0.427307150393251,-0.860225595245554,-0.278245439328718,-0.0197325948733131,0.31655760704949,-0.948368022509546
0.90703760341872,-0.394664729728273,-0.146705613706272,-0.420680775227517,-0.86403480871236,-0.276534870653541,-0.0176201968888057,0.312543757643476,-0.94973992662186
0.911128819918429,-0.386448818370636,-0.143183743120471,-0.411677989899103,-0.869568054828012,-0.272713458881774,-0.0191182150496313,0.307422687520889,-0.951380988379918
0.912166475103748,-0.389740183926383,-0.126707974215646,-0.409808876955603,-0.86518633382078,-0.288979743473735,0.00300101069496011,0.315523686595456,-0.948912955508576
0.915391578787505,-0.380421704680552,-0.131672260149443,-0.402268324346217,-0.876950754717243,-0.262940238511615,-0.0154419141496793,0.293660859511106,-0.955784937566288
0.916107679867726,-0.38160558175115,-0.122979261925493,-0.400907379707947,-0.875313674337551,-0.270368719369316,-0.00447121718108151,0.296990153867199,-0.954870073215648
0.916624149920177,-0.385077777928689,-0.107309238785001,-0.399402461621101,-0.87101929847025,-0.286012334250462,0.016668576247477,0.305025386874431,-0.952198336444664
0.914646254955278,-0.391295139228449,-0.1015398557832,-0.403505432185651,-0.868391407481609,-0.288235545359661,0.0246088295730444,0.304605445500075,-0.952160662954916
0.916426897427314,-0.388665178332085,-0.0953997946739668,-0.399175889877809,-0.8706657120588,-0.287401855918506,0.0286417634234659,0.30146408906739,-0.953047245623617
0.915409114186071,-0.392274744436908,-0.0902589526973935,-0.401112533347855,-0.870202710049938,-0.286104839198868,0.0336881174353578,0.29810697458916,-0.953937808478603
0.916039634684062,-0.391589581387736,-0.0867697380223518,-0.399479425683163,-0.871406374250213,-0.284722881714744,0.0358828112574882,0.295480169664015,-0.954674757805811
0.915737222493338,-0.393516566749776,-0.081055851322749,-0.399578211995242,-0.8709173321155,-0.286077355132322,0.0419832328301684,0.294359834750409,-0.954772064865138
0.915509818865609,-0.395032161968842,-0.0761010024302071,-0.399561197989105,-0.870851638719623,-0.286301017114609,0.0468254270901106,0.29251840001882,-0.955112749903517
0.917501526436575,-0.391481575979222,-0.0702362061573577,-0.394363704834157,-0.87249915042578,-0.288483103172039,0.0516547896717418,0.292382297985217,-0.954905427007749
0.919464330865405,-0.388230008837274,-0.0621514642180137,-0.389063608919724,-0.875617266807065,-0.286223532022937,0.0566996691400663,0.287353201317708,-0.956145012648119
0.918086104454377,-0.392622495292376,-0.0544562301135028,-0.39049891912857,-0.872306099324971,-0.294266313464306,0.0680330725985916,0.291426912399735,-0.95417076865829
0.917296212532008,-0.394973279766871,-0.05063365229404,-0.391922025859286,-0.872993768540893,-0.290308466523323,0.0704612242356447,0.286143300391555,-0.955592605413124
0.920470819356847,-0.388490289601545,-0.0425295849714294,-0.383681788792812,-0.877620243007536,-0.287351690463344,0.0743085167479625,0.280816673202823,-0.95688047340826
0.920572401795357,-0.388957722629449,-0.0354731315172504,-0.382506699283526,-0.879474619034659,-0.283219030923177,0.0789625104460984,0.274292333981017,-0.958398997006621
0.920948443656249,-0.38856244572967,-0.029549786728692,-0.38131468991855,-0.882941484540227,-0.27388581951284,0.0803310113185057,0.263502486983477,-0.961308154534262
0.921458215397511,-0.387786240157282,-0.0231643955481843,-0.37911070374558,-0.884625240979569,-0.271501855108524,0.0847928745943031,0.258959485183527,-0.962159110257507
0.925158845645788,-0.379336044425452,-0.0136116025141833,-0.367137282149181,-0.885149710415076,-0.285867462660967,0.0963915264920374,0.269470138515863,-0.958172488682897
0.925718472076464,-0.378201278001551,-0.00301724616331011,-0.361266629246513,-0.881850216089387,-0.303029072822995,0.111945223432172,0.281609640639477,-0.952976535518911
0.92663267536441,-0.375901624216863,0.00706072645837148,-0.355523608205612,-0.882198418544162,-0.308753808602652,0.122290019852227,0.283591112747393,-0.951115782549757
0.928706662836222,-0.37039249051559,0.0177013381772504,-0.345832760625055,-0.882375748954465,-0.319081085831643,0.133804469589249,0.290211027748268,-0.94756209468891
0.926922410654171,-0.374413420210933,0.0250885510345262,-0.347179621806936,-0.881031805464221,-0.321324241168399,0.142411919546973,0.289132406565584,-0.946636834612166
0.92810171621289,-0.370805252224845,0.033625426170631,-0.340874269979164,-0.882556583214365,-0.323880548182749,0.149772949589904,0.289132050017729,-0.94550024919282
0.929104626040401,-0.3674460391777,0.0418091157876711,-0.334683298622872,-0.883541297509033,-0.327630684184139,0.157326677627286,0.290410371523942,-0.943880359271283
0.927678923131794,-0.370190171425259,0.048693454972641,-0.336369724305099,-0.885198422846507,-0.321370752808916,0.162071663618126,0.281749869867219,-0.945700685566981
0.925014528312795,-0.37617224944484,0.0533156745982467,-0.34247512550673,-0.886326032204291,-0.31166801736166,0.164495929491908,0.270038151720469,-0.948694094951574
0.924985862652065,-0.376075088653829,0.0544856089975102,-0.344548188374488,-0.890495491007243,-0.297160438792966,0.160273827500542,0.256096286950405,-0.95327173042556
0.918498551174763,-0.391521488441023,0.0554196317092335,-0.36068156996982,-0.886974414272963,-0.28841843475971,0.162077810245472,0.244923074686851,-0.955899299566629
0.911283238408723,-0.408081689013995,0.0550653655830644,-0.378121702498844,-0.88223217774135,-0.280518025547611,0.163054707060811,0.234809964970058,-0.958267938969093
0.910506888382077,-0.409209668552194,0.0593687912306692,-0.380726356552618,-0.885683103535836,-0.265730844158705,0.161321565932629,0.2193465004839,-0.962217472866977
0.909604494184167,-0.410517294720132,0.0639938660781693,-0.379789734338683,-0.884008197630735,-0.27256056980534,0.168461929975051,0.223618105835201,-0.960008083763755
0.905213383638971,-0.419469749741454,0.0680724550220334,-0.387095178982513,-0.880010441032811,-0.275207096713972,0.175345523151808,0.222770628057379,-0.958971946818852
0.911905463753787,-0.405280837856769,0.0646209535840088,-0.376646728793801,-0.888999750908483,-0.260416367714443,0.162989775338578,0.213135837790763,-0.963331431950764
0.908972105749634,-0.411184509411552,0.0685347370977436,-0.381037539974566,-0.886236292207332,-0.263430498433139,0.169056511555179,0.213336667252918,-0.962240802661273
0.90660710169194,-0.415669133456249,0.0726824232773766,-0.384271280715635,-0.884428697251495,-0.264804573780722,0.174353508650976,0.212143939271797,-0.961559048135547
0.905473745032683,-0.418229935809178,0.0721180826806828,-0.387840269792176,-0.884432940373735,-0.259534774374075,0.172328819946111,0.207031627474936,-0.96303721788987
0.901662425335241,-0.42652942221231,0.0712567381080902,-0.3923303169551,-0.876153827725938,-0.280056052530736,0.181884010117663,0.224559840907543,-0.957335408681355
0.898350383112591,-0.433922415231931,0.0683953706090427,-0.400530099523408,-0.87305552241794,-0.278118129850082,0.180394646642382,0.222453123904399,-0.958108751201002
0.896226234229924,-0.438267691269364,0.0685563116530493,-0.404045920608834,-0.870301282643973,-0.281642630771011,0.18309951151603,0.22471561631911,-0.957067113981519
0.894506161548778,-0.442165138857488,0.0659448021485456,-0.408126104683185,-0.867883672822323,-0.283215488850035,0.182460433046188,0.226424204597416,-0.956786428595758
0.891110054175487,-0.449427346915888,0.0627529377121614,-0.414109544487957,-0.86193175863214,-0.292552437394194,0.185569815733425,0.234709827884247,-0.954188210042028
0.891410029127434,-0.449080119554038,0.0609524912727828,-0.414761581637926,-0.862601094822111,-0.289641470802958,0.182649912040037,0.232908560239906,-0.955192447729116
0.891099901021128,-0.450225972109091,0.0568993887362657,-0.418005028575927,-0.863133611746344,-0.283323427126932,0.176671340305594,0.22868524725512,-0.957334996332261
0.891496540751246,-0.449878831753918,0.0533193639149231,-0.418517647873574,-0.86291765051658,-0.28322448136649,0.17342691903777,0.230178550622503,-0.957570330882484
0.8889451798116,-0.45536742015249,0.0491627903336159,-0.425117825835867,-0.860276690663999,-0.28142290179867,0.170444423335899,0.229269553503869,-0.958323625081751
0.885795339637677,-0.462083701617366,0.0429565940894514,-0.431929900605797,-0.854748498988662,-0.287822105543155,0.169714988256309,0.23639724231941,-0.956720004277604
0.887140098771537,-0.4600615490836,0.0364117591778531,-0.432110683663205,-0.855760955372681,-0.284523363405809,0.162058021139792,0.236678174562917,-0.957977368975813
0.906183744924027,-0.421100430725832,0.0388000989429714,-0.394573580523079,-0.874957869421584,-0.280642862532507,0.152127282197058,0.239004506191328,-0.959027703474501
0.91515640318089,-0.401654176618556,0.0340980955756446,-0.376424612929046,-0.881794558591271,-0.284152894090565,0.144198711846654,0.247208978080682,-0.958172454549843
0.923623514079771,-0.382102655655817,0.030284728489904,-0.360144682597402,-0.892157891289768,-0.272672155905605,0.131207514402765,0.240939530899698,-0.961630246307843
0.904460705486014,-0.42650883627236,0.00640662261566783,-0.407546677355518,-0.868488155052864,-0.282195021765709,0.125922746190747,0.252623310710768,-0.959335668510929
0.888811563714244,-0.458068515581324,-0.0136835390510557,-0.442495290480104,-0.850061212368471,-0.285646377763791,0.11921376644821,0.259940705276738,-0.958237396279995
0.869276620011742,-0.493035566864016,-0.0356943652141512,-0.480595396029834,-0.826024561443105,-0.294468146337855,0.115698847081071,0.273128822535822,-0.954994462331749
0.863502256624518,-0.502031549862788,-0.0482511735269898,-0.493672967859684,-0.821776438736928,-0.284553133072656,0.103202972868891,0.269532572575597,-0.957445214470156
0.863213314709965,-0.501627112546619,-0.0568595925554912,-0.496561236734318,-0.823343604628575,-0.274831306240954,0.0910478526947152,0.265472312445888,-0.959809741482297
0.862013498541974,-0.502396124546388,-0.0673116808005618,-0.500655740131135,-0.823123448763131,-0.267976898202131,0.079224732282111,0.264699682918321,-0.961071027374027
0.859616000096927,-0.505527797244771,-0.0741753233239289,-0.506201966305685,-0.822895439132077,-0.258074922384729,0.0694255117778591,0.259393027023618,-0.963273250872205
0.85918879799746,-0.505653417139297,-0.0781615706791561,-0.506657892894457,-0.819500155319656,-0.267800812169807,0.0713609764747453,0.269692634616543,-0.960298648270505
0.857961114649824,-0.507153695035654,-0.0818404261994916,-0.508654302385306,-0.816354446570939,-0.273562092090212,0.0719272299880193,0.276334122351075,-0.958366279879834
0.853459703756774,-0.514428451784477,-0.0834859392833681,-0.513836239579254,-0.803841823789962,-0.299684235856809,0.0870566077816717,0.298666520254035,-0.950378585996599
0.856262367160983,-0.507899223424797,-0.0940911123770896,-0.5121365541076,-0.811020200767106,-0.282776208147849,0.0673120236708339,0.290318123430438,-0.95455983504292
0.852866824901074,-0.511974213945196,-0.102472353531868,-0.518282019115107,-0.806340931170477,-0.284952717799105,0.0632607907406276,0.296136297968228,-0.953048459093526
0.849740223614046,-0.516074814374993,-0.107741998961255,-0.523579217972673,-0.802174886820483,-0.287019604664334,0.061695663376573,0.300303574608032,-0.95184631543026
0.849303048458624,-0.515851423759316,-0.112167912008625,-0.524720128624674,-0.801595563611164,-0.286554251434184,0.057906117940968,0.302228160508558,-0.95147518123208
0.851445481814932,-0.511346181925818,-0.116471772231845,-0.521844251248522,-0.803986149134196,-0.285104979681583,0.0521456511686993,0.303531471564737,-0.951393439557966
0.851172474309257,-0.510813277498842,-0.120727853079344,-0.522695551079437,-0.803902785141628,-0.283777506020645,0.0479038605961993,0.304647513648848,-0.951259750314053
0.84987236699922,-0.511170012893222,-0.128149044982345,-0.525726806071364,-0.805570668917083,-0.27325303796753,0.0364456470534612,0.299601594286857,-0.953368029415518
0.851955929601818,-0.50644885140376,-0.132968623848314,-0.522826717823497,-0.808873772898468,-0.269026843729221,0.02869350355414,0.298718563917293,-0.953909797845152
0.851996577566254,-0.505097274511338,-0.137762749306941,-0.522987775617657,-0.808930615142691,-0.268542448114561,0.0241995530926553,0.30084548054788,-0.953365815657364
0.85355820062563,-0.501098333188533,-0.142614370315234,-0.520669254050577,-0.810724508280106,-0.267636506404483,0.0184912420121937,0.302698252637266,-0.952907047837927
0.848532348018473,-0.508075565779634,-0.147824469638695,-0.528910201027856,-0.806093589697002,-0.265456444446306,0.015711575825796,0.303434250056098,-0.952722836022084
0.839049923498206,-0.521186258063995,-0.156077257417302,-0.543894129762423,-0.796581869019995,-0.263887289497978,0.0132061155391121,0.306304114164116,-0.951842102535134
0.84675149542185,-0.508805035574422,-0.155336218490639,-0.531872988018623,-0.803586788384871,-0.267131799210483,0.0110918716636058,0.308813389132336,-0.951057969356021
0.846190608627631,-0.509411763164659,-0.156400477684288,-0.532675368900251,-0.800472661783112,-0.274773486903013,0.0147785397580734,0.315821426263851,-0.948703547729894
0.848119205681568,-0.50583711650819,-0.157551974017297,-0.529668467265428,-0.802779178375874,-0.273855629028964,0.0120468974744455,0.315712531155855,-0.948778409288704
0.851382121028271,-0.500252064458144,-0.157785791498371,-0.524403109079421,-0.804709730321477,-0.27828695462377,0.0122418618370959,0.319671897312386,-0.947449214938437
0.848816646240787,-0.50397324112359,-0.159753789613662,-0.528496001791727,-0.800716098343303,-0.282038483090582,0.0142224173297327,0.323828198409684,-0.946008996130606
0.85356492221234,-0.495808583249588,-0.160002413558918,-0.520814021391114,-0.804143736945508,-0.286540757055134,0.0134044280392018,0.327912639444335,-0.944612948355882
0.853842064850015,-0.494121156028653,-0.16370098184669,-0.520420032947425,-0.803817677269142,-0.288166845797087,0.0108035919797026,0.331242245002881,-0.943483893622879
0.857913762071891,-0.486579117901872,-0.164999208693532,-0.513682746801964,-0.805622459356044,-0.295131307419441,0.0106776629298935,0.337954456995252,-0.941101892736063
0.857864152986319,-0.486360285502664,-0.165899872534108,-0.513833255597346,-0.807670218894678,-0.28921307534905,0.00666936753364504,0.333350401524266,-0.942779417117446
0.858066903293092,-0.485578763021477,-0.167136035538524,-0.513478431413231,-0.806302700161372,-0.293625367068121,0.00781600578368641,0.337770958809387,-0.941195882608172
0.861133544439933,-0.481208488600687,-0.163973806258684,-0.508245387832192,-0.807507046859084,-0.299364318214821,0.0116466470549353,0.341131587179439,-0.939943400338986
0.860518312939195,-0.481788703523738,-0.165492834446684,-0.50931366571756,-0.8070529808604,-0.298772615876496,0.0103837859003003,0.341387069528502,-0.939865440235526
0.86278085123932,-0.476167247386444,-0.169923380531262,-0.505577607704845,-0.813052909905192,-0.288680183390105,-0.000696650701989546,0.334977190583354,-0.942225979511647
0.860456692691736,-0.479712489941094,-0.171727129471482,-0.509346443862134,-0.818718029915769,-0.265079210078497,-0.0134342892256075,0.315557783116433,-0.948811259096162
0.857444688916535,-0.484496830670686,-0.173353472762698,-0.514485158606413,-0.81351522527112,-0.271105145332604,-0.0096761057539151,0.321645455932676,-0.946810738033373
0.859780866484419,-0.479066200772199,-0.176840145060426,-0.51033537909483,-0.818470280954958,-0.26393976592709,-0.0182937823163284,0.317178143117086,-0.9481895185338
0.858416320054974,-0.48026981732633,-0.180173039127973,-0.512261680417716,-0.820874515875051,-0.252493564200194,-0.0266344183134106,0.309040340007958,-0.950675904821865
0.85652744017351,-0.48284380010155,-0.182270702344912,-0.514958390548387,-0.823050326934018,-0.239595524452399,-0.0343307476415529,0.299081968759904,-0.953609655849327
0.980881850941873,-0.171374700430917,-0.0922036145986607,-0.190967183492728,-0.938825760642877,-0.286596800369751,-0.0374476878017847,0.298725464608455,-0.953604093674499
0.981452948555293,-0.169956988242237,-0.0886833237973662,-0.188884455826057,-0.936364390022641,-0.295879014877402,-0.0327532001400579,0.307142232923373,-0.95109982474787
0.981670328407178,-0.169007678018837,-0.0880895629210619,-0.187893969448419,-0.93564394729274,-0.298774597547008,-0.0319252653843222,0.309849654937908,-0.950249424501273
0.968590380659843,-0.2267147122372,-0.102142614752238,-0.247182328180682,-0.922589284491445,-0.296192350976087,-0.0270845182419492,0.312136911301383,-0.949650976661865
0.967797741911347,-0.229335706926532,-0.103791446082061,-0.250119150734433,-0.922622194036247,-0.293613176658724,-0.0284243062744527,0.310118397713274,-0.950272928275118
0.956084498120118,-0.271620937410711,-0.110111301938214,-0.292142787014979,-0.913378301937151,-0.283536011020693,-0.0235589568852808,0.303252607425778,-0.952618933068173
0.950238512460335,-0.292057418018976,-0.10839388367089,-0.311142969554022,-0.906962507505439,-0.28391735148904,-0.0153890199257283,0.303515196587478,-0.952702316311969
0.929721413978354,-0.348874652888602,-0.117917636348202,-0.3681792322388,-0.887424381866372,-0.277348191660113,-0.00788323145274303,0.301271377732675,-0.953505852955774
0.911283967621919,-0.392499869124777,-0.12452061312203,-0.411760960361133,-0.871373304024167,-0.266761085161392,-0.00380024706182838,0.294367827336886,-0.955684644823401
0.891436785170958,-0.434486418635283,-0.128693473282652,-0.453124138392794,-0.851961647567322,-0.262373524350616,0.00435582941076683,0.292203530259065,-0.956346236283849
0.854917253126719,-0.49996373693802,-0.138393468246283,-0.518669498600052,-0.818681022827277,-0.246461628016317,0.00992177041838468,0.282484768809671,-0.95922047197832
0.839528085052022,-0.525914458737231,-0.13640592545784,-0.542953692651364,-0.802925687568621,-0.245991113414092,0.0198464617786703,0.280578549311209,-0.959625862313686
0.831155750080776,-0.540004685820201,-0.132570956094794,-0.55532270468931,-0.794042590583561,-0.247210553973524,0.0282278721162609,0.279090135317558,-0.959849927647138
0.827594400476093,-0.547292418471081,-0.124733784455903,-0.559844592726983,-0.788636314760715,-0.254218006905483,0.0407619957187386,0.280220933773181,-0.959069699229577
0.831626736190715,-0.543640418660921,-0.11336695660975,-0.552938386388448,-0.79165518847703,-0.25988690504821,0.0515374864629413,0.278813840681513,-0.958961276451508
0.8220138222702,-0.558430621283457,-0.11157292328208,-0.566521562199695,-0.782009064287589,-0.259836762092793,0.0578497671521096,0.27679787677116,-0.959185247934633
0.821807989825119,-0.559880943908615,-0.105664357791999,-0.566312870717293,-0.782277615300425,-0.259483072780904,0.0626207658811046,0.273084348229405,-0.959949779120025
0.818913835348958,-0.565088118953568,-0.100277355826622,-0.569807778825551,-0.779674469270739,-0.259666742493687,0.0685508968865636,0.269783505398142,-0.960477815855805
0.809164622163685,-0.579396787248293,-0.0977342169614011,-0.583362862476312,-0.772266284793209,-0.251580118560943,0.0702878717998002,0.260584244147744,-0.962889124863192
0.812096251219569,-0.57661563055322,-0.0895214686923461,-0.578643240245994,-0.775970922246466,-0.251079924218537,0.0753105522004682,0.255702057930087,-0.963817813851549
0.828212267596394,-0.555221740290929,-0.0761134607750206,-0.554598754732691,-0.792507043296022,-0.253678551665578,0.0805273931764052,0.252312119079739,-0.964289341180179
