X1,X2,X3,Y1,Y2,Y3,Z1,Z2,Z3
0.761201999449146,-0.538541768214384,-0.361309119623554,-0.625363859596582,-0.757086649321635,-0.189049857258359,-0.171731066336553,0.369854794895867,-0.913080429944398
0.769412495388055,-0.526698239400897,-0.361377055930121,-0.614978151377616,-0.76373861273546,-0.196227431173843,-0.172644968849072,0.373218831289246,-0.91153794144961
0.769666907421026,-0.52458596370234,-0.363898912209753,-0.615522178295123,-0.761060576981137,-0.204741901407516,-0.169544388429052,0.381570917198396,-0.908657435726244
0.761845889649573,-0.532497552414163,-0.368832207239248,-0.624947283794514,-0.754004782662233,-0.202281190920803,-0.170387009193511,0.384607779946538,-0.9072183434558
0.771474185509462,-0.519128799821352,-0.367876161620394,-0.613865963969109,-0.759343411719521,-0.215791939975603,-0.167320528844456,0.392304565706545,-0.904489341204755
0.773760000786961,-0.514559197786296,-0.369491939229648,-0.608070598425044,-0.766832091614822,-0.205471873015861,-0.177610834447598,0.383663101227053,-0.906232319134375
0.774120851564849,-0.513364214641511,-0.370397206115296,-0.607264849508898,-0.76747220618346,-0.205464876041691,-0.178791246215938,0.383983848438182,-0.905864280350625
0.758818722899044,-0.531237405165831,-0.376803616132514,-0.625196824516954,-0.756278533824039,-0.192799662579783,-0.182546093882562,0.38187641800671,-0.906006249966623
0.750053572806753,-0.540629267431304,-0.380971958438565,-0.634822000222695,-0.750084966520449,-0.18540110850066,-0.185528073220957,0.38091014451798,-0.905807261976968
0.742969534855147,-0.549305581523449,-0.38243907800369,-0.641399712151972,-0.747626555833236,-0.172223524131578,-0.191318267628823,0.373253146162385,-0.907788196305387
0.743423213046008,-0.548363028865182,-0.382909799924412,-0.642555631448458,-0.744458799246272,-0.18139282433071,-0.18559145130696,0.38089248456566,-0.905801704791493
0.743952483594489,-0.54521385913858,-0.386363235772773,-0.640973359561418,-0.745689017377362,-0.181936916801768,-0.188912293104871,0.383000962356494,-0.904224755438524
0.742304162175022,-0.54443936245109,-0.390602497984191,-0.64051595437252,-0.74773642451864,-0.175013004209227,-0.196783746818427,0.380100013235899,-0.903769957968382
0.749311954725205,-0.534964201050052,-0.390313845643185,-0.632096841519454,-0.753526969771649,-0.180695015891104,-0.197446644557518,0.382113084598834,-0.902775948467471
0.757657479098746,-0.523465739139371,-0.389793232769636,-0.620256365733303,-0.763351626638292,-0.1804891544553,-0.203069409643717,0.378520691714397,-0.903042026049179
0.759632588090867,-0.517617917127152,-0.39373852107626,-0.617497169655945,-0.764047800317064,-0.186890888749434,-0.204096978363887,0.385100831860443,-0.900023206769207
0.761088800564891,-0.512620273349609,-0.397447220402493,-0.614123484897561,-0.766703526024668,-0.187131099709849,-0.208796989805819,0.386505056282986,-0.898341615709589
0.756103077722783,-0.516017672097224,-0.402534343803727,-0.619135109054598,-0.763316447188506,-0.184444349838826,-0.212084541148301,0.388682085430855,-0.896630572683664
0.758782685323429,-0.510858239816187,-0.404070161315176,-0.613252499890357,-0.769358528802839,-0.178910104623967,-0.21947712370904,0.383550926175701,-0.897061023118365
0.76857004377025,-0.495445721987891,-0.404763664850111,-0.60050790449414,-0.77688462746884,-0.189315958763805,-0.220658887106438,0.388566354908013,-0.894609324439696
0.76002463335845,-0.501556070741441,-0.413284483849515,-0.6093361446839,-0.771078120408818,-0.184791761203157,-0.225991193346367,0.392275464602631,-0.89165460824283
0.764182639127273,-0.49650166897043,-0.411717119836002,-0.60499284557219,-0.773068563583766,-0.190653226579037,-0.223625917243373,0.394779797745668,-0.891145532687534
0.750758710058928,-0.509447904482991,-0.4205046871184,-0.619180657750034,-0.764517020197898,-0.179245750008089,-0.230166618645906,0.394938676816561,-0.889408100489024
0.761691927486096,-0.492395745190416,-0.421155360551056,-0.603360398010583,-0.775945646259581,-0.184023325052321,-0.23618136614692,0.394277547127879,-0.888123627720712
0.758432807404341,-0.49291236275328,-0.426400139889456,-0.604114399244833,-0.777195686084329,-0.176104111698062,-0.244592455480181,0.39115760017784,-0.88722616200453
0.765902981472866,-0.476886699920866,-0.431244360437978,-0.591082187015326,-0.786181497405469,-0.180389859278378,-0.253010812346338,0.393061990754486,-0.884017986389398
0.763221975176504,-0.474383357584381,-0.43869425190518,-0.591909548529281,-0.785582180253375,-0.180287893182588,-0.259104810776524,0.397266998522812,-0.88036562229402
0.766897890168614,-0.470652090781924,-0.436296041120628,-0.590681871303029,-0.783452784950382,-0.19312343376049,-0.250923400600423,0.405818115904274,-0.878833945540922
0.748134825390937,-0.491761030428244,-0.445494525207015,-0.614012111262841,-0.767592761633928,-0.183821868964901,-0.251561941199023,0.411062575819488,-0.876210105226382
0.744863133360641,-0.489632714345487,-0.453253480519278,-0.618728719962783,-0.761125022269874,-0.194585383746829,-0.249707195838215,0.425380424464215,-0.869883791566011
0.737445170164434,-0.497734138390374,-0.45654720290671,-0.628546467622971,-0.753141183981051,-0.194184693089613,-0.247192150036839,0.430161695728958,-0.868249363079382
0.742663063840376,-0.490679596238653,-0.455724815477825,-0.620338754695224,-0.760428150535142,-0.192168824986997,-0.252252657132495,0.425420452856673,-0.86912946979194
0.736446433172263,-0.502889309395279,-0.452491981767404,-0.628243386006079,-0.756492630750076,-0.181739229558305,-0.250912134037933,0.418116302141843,-0.873053182157743
0.735785016369423,-0.507017258582405,-0.448947557277942,-0.631634615516844,-0.75288928108746,-0.184920098703457,-0.244250122143546,0.419632255580037,-0.874214303194402
0.7328469757626,-0.514274975647212,-0.445484634458553,-0.637229605331319,-0.748273723957826,-0.184458299145305,-0.238482159091415,0.41905570448014,-0.876081375408558
0.711799917206545,-0.544020715253573,-0.444277322445954,-0.663059220558488,-0.729122982226482,-0.1695055952514,-0.231718251109241,0.415236243798819,-0.879707629805905
0.756689597183459,-0.495493594798504,-0.426505511134371,-0.614188007851179,-0.762327812569682,-0.204032833618817,-0.224040051165266,0.41634409290439,-0.881171749307412
0.782994256738495,-0.475073659452763,-0.401528345212006,-0.588253626765638,-0.775355277856884,-0.229743038407147,-0.20218225567939,0.416087984918615,-0.886562532647732
0.763850524271884,-0.507495597380382,-0.398723707859335,-0.616111535794351,-0.757369348251245,-0.216329022071957,-0.192195088466623,0.410901312931722,-0.891190865640068
0.721668430815159,-0.56509524628074,-0.399827511054075,-0.666028571210379,-0.724244279518092,-0.178538975903808,-0.188681261115797,0.395142488497794,-0.899033812204815
0.731176006275828,-0.562632322746882,-0.38578040028879,-0.655895863049289,-0.735278580815972,-0.17078063540132,-0.187569359654926,0.377902471536902,-0.906646269128673
0.725978025243117,-0.571423270069722,-0.382663498764816,-0.660304509684048,-0.734702940320752,-0.155594164334496,-0.192233871508154,0.365632378088795,-0.910691551919814
0.71971078918883,-0.579961516431731,-0.381655629309195,-0.666467775199732,-0.731148211358176,-0.145749777523189,-0.19451756873226,0.359258865563464,-0.912740917768314
0.718690450981464,-0.582662384884748,-0.379458272947735,-0.667908638301456,-0.730231976542493,-0.143733473196532,-0.193344476389566,0.356743333049492,-0.913975988620261
0.73833831977071,-0.562653892252805,-0.371856320493459,-0.647471638638268,-0.745678240245885,-0.15730365279572,-0.188777654178777,0.356909735866884,-0.914865256595849
0.738310599849439,-0.566840851078152,-0.365498163742252,-0.651095618642231,-0.740408604553207,-0.166941887159764,-0.175988503984927,0.361229217883283,-0.915719115565782
0.759063949751682,-0.54792329451015,-0.35157073757712,-0.629908831976787,-0.754545549502573,-0.184054005996881,-0.164428658040551,0.361166273424033,-0.917890047530738
0.751645684507431,-0.56127025531647,-0.346416606787753,-0.643260479862854,-0.73987885227493,-0.196965070514911,-0.145755686022768,0.370884057965986,-0.917169720138381
0.708795558769214,-0.606557120688113,-0.360135134653068,-0.691789857817211,-0.697546870210041,-0.186695357417957,-0.137969737588645,0.381466673777307,-0.914028187917089
0.701854185633351,-0.61379898072828,-0.361457484866299,-0.69909130626545,-0.69089048499285,-0.18423268779023,-0.136645701041098,0.38199626831066,-0.914005909928222
0.7238257683768,-0.592940465677092,-0.352842544481766,-0.677265624427658,-0.708287987494928,-0.199096460890192,-0.131861787498688,0.383079274998032,-0.914255291515796
0.712343680973361,-0.602716581447429,-0.359581983177198,-0.688837975518141,-0.698548586020431,-0.193732073887948,-0.134419952616389,0.385697543960524,-0.912780740879992
0.720199659319834,-0.587816114601397,-0.368489709667058,-0.680360996799652,-0.702331279878858,-0.209379290612773,-0.135725328326657,0.401500919947442,-0.905745906163522
0.722218529276848,-0.579170456225781,-0.378103132233002,-0.678641450777315,-0.698950023690701,-0.225642739013758,-0.133589585133152,0.419559825314567,-0.897843736808339
0.716858959066256,-0.585424502549756,-0.378670548921902,-0.681173923807301,-0.703908035622756,-0.201284780623568,-0.148712199672418,0.402233301953087,-0.903378687189657
0.71846619387863,-0.585845745959616,-0.374954784200144,-0.67900591604454,-0.707647852727118,-0.195411060350263,-0.150855209489332,0.394992757492742,-0.906213786751344
0.698877769069143,-0.608728607855151,-0.375525426409008,-0.69586326815123,-0.700072730084651,-0.160226354354435,-0.165360744854476,0.373292987572166,-0.912857146266939
0.700744699221487,-0.603411650816781,-0.380593281826618,-0.687715583896134,-0.71324040439577,-0.135408275979561,-0.18974757489725,0.356626562661736,-0.914775028422118
0.699558672157068,-0.600977982252058,-0.386578748844378,-0.685871495841912,-0.71650572922684,-0.127278557411265,-0.200494277727366,0.35418216334728,-0.913431464186133
0.909176981496557,-0.266938021087456,-0.319595540041975,-0.354019400783585,-0.899595907493694,-0.255729284770885,-0.219242970664147,0.345646200787033,-0.91239313001351
0.873951607559486,-0.336499494374988,-0.350680307302203,-0.428697374981992,-0.873669929300041,-0.230042203346279,-0.228969754176702,0.351381480619339,-0.907801689109478
0.871812122383687,-0.335424422321382,-0.356979103275272,-0.433002199017843,-0.86844948408731,-0.241463432498996,-0.229025585711647,0.365083484286611,-0.902364300374624
0.866492415137025,-0.338377523240478,-0.367003469023994,-0.439115140809726,-0.866338305648467,-0.237982842402133,-0.237421118735594,0.367367107852327,-0.899262264551647
0.848084853430316,-0.370163868413781,-0.37911844046818,-0.477723745886529,-0.843682064388553,-0.244909364551894,-0.229198830708673,0.388817804054822,-0.892350049729232
0.839441268743647,-0.378580433277293,-0.389891282115454,-0.489222034086669,-0.838827963265599,-0.238808394759876,-0.23664352451347,0.391209027993046,-0.889356699374654
0.824473196033916,-0.39036858076863,-0.40970272170234,-0.502850760433947,-0.837470792045256,-0.21397145884929,-0.259586328131165,0.382433057697393,-0.886769358191633
0.806606895390396,-0.399974367944252,-0.435207790941594,-0.51480717494297,-0.837163209526182,-0.184746673158302,-0.290446017249169,0.373066033837735,-0.881171291781954
0.773847879286378,-0.435497540353209,-0.459892761489329,-0.551213699061208,-0.820708296122717,-0.150337455887101,-0.311966212419287,0.369837511647549,-0.875155584617451
0.75436332695998,-0.450753953265591,-0.47723877100809,-0.570242287839267,-0.810102343260013,-0.136227481091281,-0.325207171042874,0.37490674448465,-0.868150464402463
0.751546855036836,-0.450340432242737,-0.482048565781152,-0.572610279891211,-0.808177047463628,-0.137721920244677,-0.3275588375348,0.379530440202623,-0.865252479287088
0.760364765520335,-0.437249982346836,-0.480268546016598,-0.560627795881333,-0.815201183379979,-0.145408064085594,-0.327935813598399,0.379815064937626,-0.864984750504876
0.749159834746071,-0.448463221318011,-0.487483621394927,-0.570892494608946,-0.810370809470424,-0.131836682139019,-0.335918593713437,0.377067487703891,-0.863121548864506
0.735213370707436,-0.475134580170785,-0.483433997831081,-0.596445528371271,-0.792323097883451,-0.128362144911523,-0.322046628951346,0.382715611500632,-0.865918431201676
0.759631990826941,-0.443921405748643,-0.475282046821093,-0.559416382032783,-0.818723983826498,-0.129399960666997,-0.331681398371465,0.36417691281219,-0.870265836482699
0.749421681037402,-0.463351468779152,-0.472940334895722,-0.575724692095444,-0.808806854970248,-0.119885571545296,-0.326968229194644,0.362128275246961,-0.872900274581226
0.757747193225608,-0.459248936488031,-0.463583439623683,-0.565544335723092,-0.816598015509688,-0.115443862535721,-0.325543845726254,0.349654251225767,-0.878500488963728
0.755142237307512,-0.467572916083435,-0.459495124652523,-0.573449516610559,-0.810789068584312,-0.117374350534088,-0.317672556783428,0.352131586781725,-0.880390533943467
0.751668633052139,-0.480678670631552,-0.451599691857084,-0.585906592661004,-0.801053689853714,-0.122582423895607,-0.302832842937984,0.356736599708572,-0.883759734128267
0.754815445607549,-0.477449847985898,-0.449772482184626,-0.591391689658315,-0.791972209842201,-0.151775782787455,-0.283741982222159,0.380554413318128,-0.880152728808322
0.76703586893191,-0.466804895187472,-0.44016947372675,-0.578322638180608,-0.800113911233514,-0.159250291109405,-0.277846903779207,0.376710656710985,-0.883679907647948
0.771726373906149,-0.478557519600157,-0.418833026696573,-0.579302274909954,-0.800719950630319,-0.152500606381524,-0.262387648531365,0.360319665154048,-0.895166163793882
0.723296639144903,-0.549135105510961,-0.418679600287801,-0.647236314732251,-0.750442030291471,-0.133872745784305,-0.240680544900292,0.367814348642736,-0.898212380363919
0.734113389574623,-0.54490561182914,-0.405160962389479,-0.641240428611548,-0.752598035888998,-0.149689375341406,-0.223356763858487,0.369694563894484,-0.901907803195832
0.767134864566838,-0.511066566416029,-0.387704867467188,-0.604734384006464,-0.777788573019827,-0.171292908434953,-0.214010337054878,0.365863226317585,-0.905728256853095
0.755776790840089,-0.533517829691568,-0.379684300213553,-0.623828048850836,-0.762904547714107,-0.169750453737517,-0.199097985661369,0.365151169350905,-0.909408937512301
0.753387858760321,-0.542411982208807,-0.371747193437759,-0.626757437858195,-0.763360216128939,-0.156385084074571,-0.198951874487195,0.350813942123018,-0.915067062924974
0.774435295224204,-0.519998739358348,-0.360348837346159,-0.600512804672996,-0.783433751513388,-0.160049768551636,-0.199083763614143,0.340342280734247,-0.91898465004038
0.784122526265168,-0.511824260695587,-0.350981181784646,-0.595098348741798,-0.78057253151273,-0.191218404900243,-0.176096050859515,0.358806980438262,-0.916650277728895
0.798946940354077,-0.487927925758759,-0.351582317194158,-0.576238653701956,-0.788413216926779,-0.215298893064792,-0.172141803402356,0.374607713001111,-0.911063258441181
0.757429600582367,-0.53839873263583,-0.369360535057235,-0.630592063636394,-0.749890053568949,-0.200046386713562,-0.169275070345367,0.384436876813983,-0.907498891627467
0.710460913755574,-0.587557330451642,-0.387326313924234,-0.686700831739283,-0.699181006740589,-0.198967051296925,-0.153906652598811,0.407335614997948,-0.900216884445117
0.732640905981009,-0.563606082293751,-0.381556662744626,-0.664307671501698,-0.714134563756979,-0.220696947037381,-0.148096659203773,0.415162629398551,-0.897612037956022
0.748198713678567,-0.552459231527176,-0.367406426658733,-0.646168891320432,-0.732408925703436,-0.214576162328583,-0.150547164501562,0.397952212018405,-0.904969385233665
0.747956785177517,-0.555348904730552,-0.363521995925266,-0.645926988145167,-0.735060694474774,-0.206068196051638,-0.152770983804604,0.38893877339864,-0.908508479352028
0.753161895029506,-0.555712178438016,-0.352038541371875,-0.635608449024608,-0.752676018176939,-0.171699479294028,-0.169555475889443,0.353076176478932,-0.92010225203448
0.752344069179894,-0.555934401995175,-0.353433646174364,-0.642951208882663,-0.73652163362889,-0.210118124379961,-0.143499632634236,0.385321714772081,-0.911556378705641
0.750853302217671,-0.547323499959937,-0.369670535667131,-0.645022282048391,-0.728013152101278,-0.232256552175923,-0.142005542884443,0.412836331685046,-0.899666932276011
0.766101717699984,-0.521422810027664,-0.375774415467563,-0.623082113251624,-0.745949687807967,-0.235218501408981,-0.157660515929083,0.41433961485966,-0.896362563517087
0.766482415810325,-0.517353810022307,-0.380591305088503,-0.621245320082036,-0.747566966524709,-0.23494229682459,-0.162969195033099,0.416519706396285,-0.894400567784824
0.780821043718924,-0.497385488455685,-0.378055781015698,-0.601009745499872,-0.763252274475385,-0.237135512571043,-0.170604171988462,0.412375607161544,-0.894896963408793
0.773949721060565,-0.497610325809818,-0.391644983266378,-0.607669102527924,-0.757610700364767,-0.238252572967671,-0.178157489607318,0.422386067881334,-0.88873501031329
0.792440487323452,-0.491829913515993,-0.36075117494115,-0.603416805645485,-0.718465997133978,-0.345969318909754,-0.0890293924227763,0.491843417291652,-0.866119980228895
0.796170673177414,-0.45347311499382,-0.400592552539393,-0.568697751515822,-0.78691001993278,-0.239490058144886,-0.206627990826684,0.418491044715648,-0.884403821169794
0.819468505357955,-0.399732235338839,-0.410713414386983,-0.514758682883064,-0.828415576621487,-0.220796582417804,-0.251981878560528,0.392354141614311,-0.884626113358183
0.839124140238287,-0.373717369688586,-0.39522905366686,-0.499381952425282,-0.817315760183693,-0.287424100846233,-0.21561155549105,0.43855475798171,-0.87245709429767
0.847677131655195,-0.348969561312087,-0.399579436090586,-0.480918641536281,-0.823449229798744,-0.301079102839693,-0.223965936454005,0.447383069886988,-0.865845048543199
0.847188818975787,-0.340052570739686,-0.408209938800786,-0.472929839263449,-0.832781186659066,-0.287772240289027,-0.242091867142741,0.436852085127276,-0.866343917611991
0.841592246379874,-0.343180974096961,-0.417072307701122,-0.481419523940189,-0.826704455243994,-0.29119578576781,-0.244862681522684,0.445854867302794,-0.860962080756132
0.818510484889974,-0.370493237795966,-0.439061894125011,-0.511475038175486,-0.817972576844849,-0.263275803774638,-0.261598683958014,0.440063204866368,-0.85901717344543
0.813066812126914,-0.378055304877576,-0.442714970914358,-0.525031931082122,-0.804725717639661,-0.277052324865739,-0.25152302153472,0.457701546669067,-0.852786880653536
0.803352718213907,-0.396065180816385,-0.444698530111368,-0.540511368673582,-0.798392699394839,-0.265361183837487,-0.249943734614289,0.453543239501932,-0.855468678227997
0.792867445908142,-0.4045593971816,-0.455733373115422,-0.550250809468702,-0.796665272944475,-0.250096960324078,-0.261887876577244,0.449061395620204,-0.854259095980544
0.803329227107151,-0.397235201036301,-0.443696233850453,-0.543707617056249,-0.793196205210364,-0.274265942462592,-0.242990082164772,0.461566869583951,-0.853177499042274
0.799090250244744,-0.402479515850251,-0.446615059402098,-0.55104620109013,-0.787380041781714,-0.276370682359693,-0.240422245701034,0.466950649560286,-0.850972522850943
0.797659803228553,-0.401383261865258,-0.450144771609969,-0.553393113267786,-0.783844019636242,-0.281681762044129,-0.23978094273977,0.47379323546765,-0.847363599362117
0.802716783904829,-0.395607049237983,-0.446251977509012,-0.548217666311085,-0.78405458895094,-0.291059773739693,-0.234740612553338,0.478281783197091,-0.846252551357982
0.800139087960866,-0.398411759472074,-0.448380987366236,-0.551280776557295,-0.783039992671495,-0.287989366601288,-0.236361894804428,0.477615368043567,-0.846177649724376
0.7958907305109,-0.408602660746537,-0.446768184540568,-0.559451726430254,-0.778437452037833,-0.284690883343767,-0.231455634800783,0.476528067269596,-0.848144616338081
0.782729435110752,-0.428306600033071,-0.451539685719112,-0.578204899640245,-0.768864489513204,-0.272995404352555,-0.230247096492481,0.474763997301514,-0.849461842240763
0.768410897711788,-0.448909333305163,-0.456097689918813,-0.600150955436387,-0.752922735072989,-0.270048487681381,-0.222179033589028,0.481235665222066,-0.847967400052456
0.747902347771373,-0.47744426927956,-0.461182228549816,-0.624969014852697,-0.740614719340149,-0.246786482552756,-0.223731554931613,0.472796792743795,-0.852295362007247
0.755243044404364,-0.470612642769116,-0.456214515710204,-0.619571219574839,-0.739702106135075,-0.262625775684491,-0.213867827766064,0.481003674253328,-0.850232919617574
0.749452682491871,-0.48543789673525,-0.450189654611248,-0.629127801034396,-0.733970165542517,-0.255902336955167,-0.206201083099395,0.475013520340997,-0.855478385946652
0.762779607970355,-0.47854630954995,-0.434926084847431,-0.615290208236331,-0.7440314236958,-0.260451915335046,-0.198960371212672,0.466273171187582,-0.861976856138024
0.756442885690076,-0.487212453709124,-0.436369322523486,-0.623933012885445,-0.737675582627366,-0.257958000897564,-0.196218643662019,0.467395720718656,-0.861997380583796
0.763183550810068,-0.487691701885973,-0.423919416498584,-0.611530413350795,-0.757054306197791,-0.229998545678854,-0.208761637567688,0.434770722771146,-0.876009701602164
0.783956594079466,-0.464743602499322,-0.411613219582747,-0.585234389352291,-0.774472175198285,-0.240194836254004,-0.207153972008199,0.429192536957003,-0.879136507091838
0.791327641153606,-0.457698031906607,-0.405355493283475,-0.576452345339205,-0.779466965904573,-0.245222231081214,-0.203723483916803,0.427719254479311,-0.880654859436126
0.80412824055001,-0.440269136655111,-0.399425662744533,-0.559373033282913,-0.787822687173247,-0.257754191451849,-0.201195383609611,0.430695369007013,-0.879785153733623
0.798646548188662,-0.447953878958546,-0.401871886790215,-0.565326547411832,-0.787393222100867,-0.245800342922936,-0.206323982749832,0.423496441679983,-0.882089098689378
0.808338372651309,-0.432215473835391,-0.39972347876586,-0.548027915108142,-0.800475148866365,-0.242703399872342,-0.215068546193199,0.415246095977577,-0.883920924185939
0.810225176659492,-0.423050421454399,-0.40566427500379,-0.550797373256759,-0.786199032795548,-0.280202309849152,-0.200393155373506,0.450465783094122,-0.870013311128542
0.831088102132033,-0.393176189167368,-0.393325629429868,-0.523484888193069,-0.791836989039927,-0.314575514974819,-0.18776617993682,0.467339990863192,-0.863908093845593
0.880398646257453,-0.326705759956934,-0.343746374641255,-0.445631381504578,-0.817860517059171,-0.364028634112796,-0.162206336147406,0.473674488490428,-0.865633631201426
0.858286325660414,-0.373377617632845,-0.352042238708889,-0.492232149488406,-0.792961565744108,-0.359053570185113,-0.145093398176377,0.481457277339821,-0.864376535950715
0.848718795657282,-0.396254609463354,-0.350226627167464,-0.512339620027735,-0.780242458687657,-0.358789380292778,-0.131089738911514,0.483946267823283,-0.865223375904758
0.833569135853756,-0.42536857102248,-0.352454358092386,-0.541087837532502,-0.757242275906057,-0.365797878144496,-0.111294419565507,0.495626587631161,-0.861375549807788
0.82241061465771,-0.444091071954359,-0.355561388101628,-0.555484702927888,-0.76176001453054,-0.333404296726282,-0.122790576639431,0.471704144642443,-0.873165318949222
0.847931368925756,-0.419167427831338,-0.324516657564681,-0.512530580020316,-0.804575984516289,-0.299949811941404,-0.135369118102067,0.420661565376378,-0.897061340867704
0.810239729840027,-0.475962078114358,-0.342011228449917,-0.570976400487413,-0.772707319363752,-0.277325348080775,-0.132278230541526,0.41998035525337,-0.897841283816943
0.847731717737867,-0.423740814767106,-0.319052748995702,-0.517061222527559,-0.794335198821585,-0.318871892883927,-0.118315793111109,0.435287621939313,-0.892483086274977
0.849877537366602,-0.424717182233586,-0.311967124221838,-0.511188758174094,-0.808264707649919,-0.292222887337762,-0.128039935161294,0.40782775467488,-0.904036668239037
0.816715224235987,-0.473836022477372,-0.329326078991607,-0.560777617047701,-0.78628345029846,-0.259396993053217,-0.136032006231857,0.396532167156175,-0.907886299979774
0.80396668722733,-0.490562524566917,-0.336133865177619,-0.579334400450311,-0.773661486631149,-0.256553223637044,-0.134198428767222,0.400994156558688,-0.906197808495582
0.789094437646323,-0.507210288881536,-0.346507851755688,-0.593563806037588,-0.774830882920847,-0.217529563586824,-0.158151751927718,0.377325887960009,-0.912476409359378
0.784264176827382,-0.508614255025159,-0.355304433592477,-0.600516489435504,-0.766208108551582,-0.228703039564114,-0.155915511932992,0.392729772203494,-0.906340818436235
0.78133540858911,-0.506488151574387,-0.364670716674165,-0.599442225982868,-0.771671902769043,-0.212582906616476,-0.173735422391615,0.384697578354174,-0.906544966460485
0.781109537490787,-0.500901317916478,-0.372781115603331,-0.593241805974371,-0.781583966685005,-0.192848807787865,-0.19476152105895,0.37178538531049,-0.907658293183253
0.789282114561963,-0.488275872673215,-0.372317627567923,-0.587313685304053,-0.777240050383637,-0.225744411080792,-0.179154622288034,0.396843264078971,-0.900232772713802
0.790020812755128,-0.481161278512205,-0.379935441192616,-0.582930661742199,-0.781485283234449,-0.222424359477047,-0.189891966692983,0.397195891404321,-0.897873301104893
0.792455278805577,-0.476130380769101,-0.381201379328362,-0.579224612217825,-0.783276409172627,-0.22578067994128,-0.191085006461223,0.39972231279015,-0.896497960378833
0.790958231921734,-0.470885651832475,-0.390706767606539,-0.578483372548086,-0.783539899819128,-0.226764664524308,-0.199354114681982,0.405378746716865,-0.892146853757624
0.815934078071006,-0.426600005385767,-0.390210219813988,-0.5392797223151,-0.8048711118127,-0.247709253902911,-0.208396164413277,0.41254688069873,-0.886778501026937
0.816354035279702,-0.417387129722375,-0.399191774745754,-0.537857567961823,-0.801232538598549,-0.262174857065122,-0.210417027991415,0.428735819629106,-0.878584242573368
0.815501863565367,-0.413436743078898,-0.405002185171545,-0.539430110295386,-0.796521503403812,-0.273072610713779,-0.209694698617112,0.441161596342706,-0.872584998314912
0.806238839039556,-0.421844775886621,-0.414760074598937,-0.551609886662451,-0.789412137074206,-0.269360373433386,-0.213788370498461,0.445954552501824,-0.869148473934408
0.805470743929971,-0.420200162376699,-0.417909923561877,-0.55342564296515,-0.785559617308856,-0.276796216307545,-0.211983344585155,0.454233322414988,-0.865294834392493
0.807821824483185,-0.419618586352494,-0.413937364677546,-0.554790201960699,-0.778491747147503,-0.293527565028629,-0.199077200344652,0.466766367266069,-0.861682903794761
0.78874134383578,-0.445769607258093,-0.42329251088236,-0.579893604120314,-0.768046267421378,-0.271713707788992,-0.203986520202881,0.459776454752801,-0.864288789254185
0.805045242159565,-0.425746601127306,-0.413088355808772,-0.557775862385254,-0.780338434125991,-0.282768484039829,-0.201960999741619,0.458052136611482,-0.865678921268747
0.787431083394326,-0.450301042373109,-0.420929044070529,-0.583031485309802,-0.765742668961217,-0.271500372135284,-0.200066429072655,0.459202717946925,-0.86550926499274
0.777234659990057,-0.463998900994188,-0.424983885796068,-0.59592367852708,-0.759609973106536,-0.260514218667314,-0.201943686905269,0.455738640706791,-0.866903131085494
0.769712741296904,-0.477851273006813,-0.423320749279992,-0.607870887601532,-0.751182421315246,-0.257328494173283,-0.195026356915499,0.455393380268897,-0.868666558188777
0.765876738589557,-0.485912543492249,-0.421095976428554,-0.614805922228372,-0.745176039527847,-0.258314436504262,-0.188272407113588,0.456729318295297,-0.869454904252756
0.760106899761431,-0.493740507960253,-0.42244267271929,-0.622107427833566,-0.740705818751848,-0.253647862796946,-0.187669521151864,0.455604215154234,-0.870175240951111
0.761552757129552,-0.493858961789382,-0.419691224555256,-0.620718112114012,-0.742038590614597,-0.253155595103721,-0.1864039253932,0.453301286010768,-0.871648736991565
0.753725567204232,-0.506044613817851,-0.419304922662018,-0.630949385049225,-0.735694791796593,-0.246284483533519,-0.183849511418071,0.450191095146616,-0.873800512131932
0.749693598754104,-0.514737514500017,-0.415938455968506,-0.637242210977617,-0.731064670488871,-0.24385818032487,-0.178554956625345,0.447872458105366,-0.876086975553899
0.74823777857733,-0.521231981359423,-0.410435681097287,-0.639561255879609,-0.731165605555315,-0.237398941089946,-0.176356532874064,0.440129615978135,-0.880445509075706
0.744665768684424,-0.528367175569644,-0.407800221591644,-0.644194723775955,-0.728811684528599,-0.232048887852985,-0.174602550980383,0.435501614549411,-0.883092460004047
0.745734073697054,-0.529300242375203,-0.404625684736829,-0.643286382450734,-0.730091150648414,-0.230541844137508,-0.173387777771805,0.432213101567301,-0.884945486091053
0.742755875903519,-0.532315447223766,-0.406145261523211,-0.645440340880699,-0.730582019293294,-0.22283778730085,-0.178102428884624,0.427656611935668,-0.886221951371722
0.741850252230389,-0.535426221485477,-0.403704055728319,-0.647476601048029,-0.728569337443565,-0.223519063241454,-0.174448428943916,0.427206603276249,-0.887165296749241
0.74206022680347,-0.537219258235753,-0.400926537381862,-0.648488259307356,-0.726766456122345,-0.226436516039007,-0.169733901554455,0.428025684785382,-0.887684862902994
0.745594676577424,-0.533390414964854,-0.399478714680804,-0.645544393514608,-0.726897674957093,-0.234290858003102,-0.165411650923579,0.432567261088485,-0.886298228799507
0.758802550740763,-0.520839069547924,-0.391082283697131,-0.628010189488619,-0.744272937373683,-0.227290555438669,-0.172690158630365,0.418072312316424,-0.891848446086339
0.764729226867432,-0.521001476588902,-0.379139381978347,-0.626824127548302,-0.737821547138574,-0.250421400246367,-0.149267286094609,0.429158276129244,-0.89080999732363
0.743854817983248,-0.555574914254217,-0.371505752868685,-0.657440063963522,-0.708248233787007,-0.257210034083482,-0.120218850679703,0.435569689015438,-0.892091068194411
0.730382947410428,-0.577350751670263,-0.364975149397651,-0.674938571462974,-0.692092875437768,-0.255862026334122,-0.104874567382067,0.433213066878257,-0.895169125809397
0.711365428512506,-0.602142919861919,-0.362468110566131,-0.69662716958164,-0.672415619170313,-0.250135606614649,-0.0931118344674406,0.430442956912954,-0.897802343016625
0.706104024367648,-0.614474264847143,-0.351906926064799,-0.703345898705046,-0.666153949793991,-0.248079547622644,-0.081985691108892,0.42268226011323,-0.902561938837977
0.738566196011939,-0.587796878512266,-0.330173899210236,-0.669985308497074,-0.694477597536703,-0.26233671667864,-0.0750976731099895,0.414964692631657,-0.906732950411851
0.749391982291554,-0.577377776361996,-0.324108870968402,-0.657027433593083,-0.709073772376869,-0.255986985671777,-0.0820159032335923,0.404783014330533,-0.910727238489256
0.760091905215519,-0.570687501161075,-0.310766908863171,-0.644921063687072,-0.721094357652666,-0.253179282276858,-0.0796060125780578,0.392859648449694,-0.916146374430093
0.764920909665964,-0.568175496724338,-0.303434683050316,-0.639466370241059,-0.726399769016388,-0.251845462344794,-0.0773224630137867,0.386678135527457,-0.918967494647385
0.768770795868937,-0.565936393469086,-0.297837979388534,-0.63519415930067,-0.72980838838467,-0.252800506790801,-0.0742956486569494,0.383530591727145,-0.920534867237558
0.779226690746236,-0.554382573248005,-0.29234521871854,-0.622389900148208,-0.739351566554272,-0.256885330891526,-0.0737331446648942,0.382124617778893,-0.921164588911862
0.78609213093569,-0.546893568045802,-0.28803921071812,-0.614022738733531,-0.744420909708152,-0.262323436824581,-0.0709594109273686,0.383073014475594,-0.920988505672803
0.794380712592806,-0.53828447759573,-0.281441121089362,-0.603466842403351,-0.752160542885499,-0.264730594842983,-0.0691885364802163,0.380137263242743,-0.922338662051008
0.792720815678553,-0.542798108582798,-0.277423722325375,-0.60521278116011,-0.755215924554301,-0.251726829758048,-0.0728779658770414,0.367449480362306,-0.927183736629961
0.795793741446371,-0.5392622991917,-0.275514961018938,-0.600157705713616,-0.763008698672573,-0.24005927189458,-0.0807653969677284,0.356390093044781,-0.930839971333514
0.800269796118623,-0.531871599312889,-0.276913082508949,-0.593054883878566,-0.770283241816946,-0.234413378636453,-0.0886236883008091,0.351818602720672,-0.931863462451251
0.783094353511626,-0.552631799716747,-0.285239070675876,-0.614598700353994,-0.75778455555479,-0.219159770226682,-0.0950351041531002,0.346930340708995,-0.933063592513474
0.778626444386846,-0.557635125787517,-0.287721960561645,-0.619661240021402,-0.755513118968221,-0.212649652438111,-0.098796800133582,0.343864789641003,-0.933807367034826
0.757334873514644,-0.582290088258327,-0.295604706448776,-0.64497301491824,-0.737844671472041,-0.198985051718945,-0.102243334187774,0.341355377717161,-0.934356894723714
0.737636488378357,-0.603142155685346,-0.303499507492317,-0.667252940063149,-0.719917252315234,-0.191030531057126,-0.103275965209385,0.343422028783997,-0.933485610577878
0.744887546858428,-0.597011303921488,-0.297859103478805,-0.659702409310517,-0.725752167985941,-0.195132062495137,-0.0996758430369807,0.341849811545466,-0.934453547620852
0.748599741098344,-0.590335005031891,-0.30183275080993,-0.654683342129479,-0.730121182583828,-0.195736507275899,-0.104824372956233,0.344133172734611,-0.933051022322972
0.763564897155122,-0.57505657515507,-0.293732162357834,-0.638064923571317,-0.741805893515168,-0.206390817756247,-0.0992058523496338,0.3450129732591,-0.933340370466476
0.772529414835731,-0.56808032241237,-0.28369534804332,-0.627498292244255,-0.751374669893908,-0.204161697368445,-0.0971812556211639,0.335739263014738,-0.936928466226859
0.772391399349248,-0.567413846155318,-0.285399813248957,-0.630135323437855,-0.740913685090012,-0.232328184691845,-0.0796303985120026,0.35928879531314,-0.929822865493881
0.771206304905116,-0.564423431872829,-0.294392637182887,-0.630782202742871,-0.73985171151606,-0.233951400230067,-0.0857592442681776,0.366122431052312,-0.92660656025246
0.757749329797106,-0.577471215587251,-0.303879825523543,-0.64759676064363,-0.722730044996014,-0.241411925272833,-0.08021464202945,0.379721315214517,-0.921616695799205
0.769292992504176,-0.55895267059004,-0.309451456167574,-0.631664647394315,-0.738083522910269,-0.237133899813127,-0.0958543943498975,0.377894992357174,-0.920873123636034
0.763638722532191,-0.561875666186205,-0.318043451743959,-0.636195810146817,-0.738799484174899,-0.222329065429013,-0.110049046343159,0.372116994950125,-0.921638838953877
0.766518683791998,-0.550566458999003,-0.330644343098565,-0.634029545690275,-0.730713521167654,-0.253109235656369,-0.102252836584448,0.403651240810762,-0.909180968345888
0.767701452817637,-0.54565139037364,-0.336004523072239,-0.634992704426042,-0.718248399760319,-0.284435408427718,-0.0861321349287866,0.43172189708776,-0.897884992027127
0.759687829867841,-0.54565662316024,-0.353741785419896,-0.640102527728426,-0.723371046283867,-0.258849538137242,-0.114643600546958,0.423075854900216,-0.898812364097246
0.771171338645414,-0.524530884169229,-0.36077987472209,-0.62448896103322,-0.733406676678272,-0.268566908146523,-0.12372673114364,0.432414151198107,-0.893145955510145
0.769623128211097,-0.519662967165141,-0.370986038928268,-0.625288789986107,-0.731000577605592,-0.273225336779006,-0.129205919524902,0.442253949781584,-0.887534379200216
0.762478681200816,-0.518645011149356,-0.386825042007558,-0.631872781523362,-0.725479789768829,-0.272792709959238,-0.139151172054689,0.452422840987124,-0.880880539158941
0.770315676293293,-0.500026090010864,-0.39571159720844,-0.617266829429459,-0.740421956775727,-0.266001855652376,-0.159985687306429,0.449165042309452,-0.879008159589112
0.78036167429519,-0.481350734162626,-0.399170550031322,-0.600772955435738,-0.754225558834611,-0.264982381334358,-0.173515167372239,0.446592965822032,-0.877751223052446
0.733696622807077,-0.531052715980723,-0.423877669299748,-0.654562123075713,-0.71978302111386,-0.231215980310227,-0.182312075069383,0.44709665103387,-0.87570936498258
0.76974160151636,-0.477874514467349,-0.423242029242873,-0.611272077078209,-0.742858732407256,-0.272960347799415,-0.183968243671351,0.468824969587671,-0.863920617424771
0.762011301843873,-0.481782111539065,-0.432694780258746,-0.615339130937357,-0.746877195305213,-0.25205596416327,-0.201733809262263,0.458323523435114,-0.86558824972764
0.752471072821672,-0.488160515366884,-0.442138661285506,-0.626148417865194,-0.738416805820623,-0.250357304040809,-0.204268067429825,0.465231052401283,-0.86129822042663
0.757920928674079,-0.479482708021618,-0.4423258963548,-0.618805330521333,-0.743059790554867,-0.254837419895393,-0.206484451705706,0.46686023644,-0.859887022134293
0.738814172846995,-0.50851214642818,-0.442231856536157,-0.644324912656284,-0.725311809214829,-0.242421505531137,-0.197481707838683,0.464045446425796,-0.863517688713208
0.740043881594984,-0.517244046374747,-0.429876319193914,-0.644807760543211,-0.727369286149386,-0.234855005290034,-0.191201478177024,0.450990596416833,-0.871808165072173
0.756935123191081,-0.486638385930445,-0.43615628004044,-0.624455502310438,-0.735360821042461,-0.263248529929372,-0.192625400489972,0.471622247370465,-0.860504451395406
0.75701862327426,-0.488467111848157,-0.433961616573014,-0.625330007820416,-0.734185985371452,-0.264449088112378,-0.189433854775914,0.471562105694329,-0.861245606745177
0.754756579459689,-0.505934675234243,-0.417579465680404,-0.634394309759354,-0.7249591051599,-0.268287449558696,-0.166992112110913,0.467401754640885,-0.868129733537193
0.763587239041179,-0.497162940451721,-0.412023711714348,-0.620022775389716,-0.742714625955769,-0.252876931311292,-0.180294998187699,0.448557683060698,-0.875379756788856
0.748883769010966,-0.518677338702416,-0.412488689334034,-0.641290379006382,-0.724132200421332,-0.253730577792292,-0.167092041419633,0.45453973932929,-0.874913638632225
0.745499087278725,-0.531435139012285,-0.402253407554965,-0.646927093770774,-0.722167310456006,-0.244866721001525,-0.160363481540805,0.442776544920496,-0.882174860816369
0.740285889198277,-0.547348204072157,-0.390367449658525,-0.653443089527836,-0.72233832468394,-0.226361377980245,-0.158078875888695,0.422655046334221,-0.892397770507067
0.792346627601017,-0.495757997985222,-0.355543006066749,-0.592663146754339,-0.763732846670163,-0.255856470303832,-0.144696980647633,0.413444248177157,-0.89895864056178
0.743617770816559,-0.560667894135022,-0.364258319619487,-0.655176244899767,-0.719688193485674,-0.229767256754238,-0.133329288023496,0.409512413296017,-0.902509215638057
0.750305009503264,-0.559768484445767,-0.35171243443415,-0.649508838428591,-0.723330873232026,-0.234373028807791,-0.123209827195114,0.404291592357155,-0.906293355835662
0.756104267074529,-0.557102740873082,-0.343428119733066,-0.643365680485186,-0.728908579507862,-0.23403607391525,-0.119945564676324,0.397905540086502,-0.909551671255101
0.764796331537038,-0.552242586895281,-0.331835345445143,-0.634845427062414,-0.733743805728908,-0.242056421712789,-0.109808264741,0.395788014944449,-0.911753251829081
0.737002727704149,-0.587424788229731,-0.334303899962146,-0.66902720914889,-0.704339319958307,-0.237294575958065,-0.0960706655285176,0.398545154949758,-0.912103166692771
0.754148697807706,-0.570048474968196,-0.326043674653222,-0.650116736733011,-0.718212400543433,-0.248030595542688,-0.0927791475201297,0.39901840044298,-0.912237000945129
0.735634697623148,-0.600475802838268,-0.313481102873262,-0.671166735375355,-0.70866802699711,-0.217542733359705,-0.0915248872082721,0.370430071292493,-0.924340174018068
0.727223590203871,-0.615285993337469,-0.304251534513329,-0.678566686211874,-0.711216862613953,-0.183624145190664,-0.10340745724767,0.339990765663259,-0.93472625781524
