X1,X2,X3,Y1,Y2,Y3,Z1,Z2,Z3
-0.0167322767865497,-0.285607632578701,0.95820055892612,0.609043238346456,0.75711663370763,0.236306446775554,-0.792960506417564,0.587539516267643,0.1612791123673
-0.0177939416489764,-0.282848359745715,0.958999573008117,0.605409533515686,0.760284238804001,0.235472233935428,-0.795715195512133,0.584777463327187,0.157710640147415
-0.0162143336161394,-0.280481095088288,0.959722590483031,0.603932556491669,0.762228422170868,0.232966305813409,-0.796870480438836,0.583385110997002,0.15703263887547
-0.0147339288368149,-0.278828214244096,0.960227961622905,0.604287921770431,0.762629198707155,0.230722371870732,-0.796629787883559,0.583653606363168,0.157255997773897
-0.0162454790053129,-0.277310665950619,0.960642950820913,0.604326323392763,0.762699341175897,0.230389691228662,-0.796571264399158,0.584284613454674,0.155195719057097
-0.0205337861790816,-0.277344033622077,0.960551222288217,0.603352099330357,0.762647052129875,0.233100231898776,-0.797210516650905,0.58433702680204,0.151676073424088
-0.0257375743011867,-0.277445236418961,0.960396646213177,0.604420931754308,0.760903147496452,0.236012155168429,-0.796249279137096,0.586558216137511,0.148109907012446
-0.0287699107433664,-0.276559246133153,0.960566122458043,0.605698823027734,0.759626381246037,0.23684741226762,-0.795173709335662,0.588627848723888,0.145657226693534
-0.0298823886381812,-0.273837996199914,0.96131149721955,0.610179422197383,0.756752532176459,0.234535024615484,-0.791699510910639,0.593580960679951,0.144476737027528
-0.0300796257324394,-0.26960261426588,0.962501764412305,0.61644905120427,0.752997860247887,0.230184251701673,-0.786820045108887,0.600257155595089,0.143546381952809
-0.0333132070005726,-0.26572491544304,0.96347314417794,0.621380072673426,0.749538779402085,0.228206975039765,-0.782800763619776,0.606285318546657,0.140146626755958
-0.0382332818093506,-0.263313016814815,0.963952525458577,0.624317622280766,0.746915545936579,0.228789584002316,-0.780234402389294,0.610559925326042,0.135833924017822
-0.0439360867799371,-0.26252559931734,0.963924234564905,0.624407435802466,0.745965891940352,0.231625219214629,-0.779862150891461,0.612058165344363,0.131148114139081
-0.0431638489441805,-0.262314524767226,0.964016582969644,0.622807517128373,0.74741464013036,0.231262085797036,-0.781183511572483,0.610378936247762,0.131110165251729
-0.0447995697550683,-0.262221207851536,0.96396734213491,0.621326688706158,0.748285442807636,0.232426422731197,-0.782269866766707,0.609351240447627,0.129402168891161
-0.0443795207291106,-0.26282852659573,0.963821365060649,0.619263441739023,0.749820227506108,0.232985871134339,-0.783928088452884,0.607199137046657,0.129483435637155
-0.0443476921255231,-0.263914226720649,0.963526109214266,0.617355572555275,0.751036992995223,0.234127170972621,-0.785433243018201,0.605221212522443,0.129622161202378
-0.0430137041666831,-0.264590990903035,0.963400969890944,0.616871880260237,0.751494377791706,0.233934357227955,-0.78588733581733,0.604357350977389,0.130894185209016
-0.040644031942955,-0.264528777598803,0.963520933083191,0.619046622058078,0.750274937371758,0.232096527484337,-0.784301818425728,0.605897717584319,0.133261447689155
-0.0369761358037632,-0.264209989991477,0.96375611363546,0.622864668486212,0.748070046201958,0.228977751598187,-0.781455289912726,0.608756344660246,0.136906328207695
-0.0331704520027766,-0.264432886913637,0.96383347598662,0.625617397309965,0.746569371246019,0.226356016267362,-0.779424527005044,0.610499322060102,0.140669770978411
-0.0293598822077435,-0.26571988402698,0.96360310322738,0.627042168575275,0.745850381126176,0.224778397098908,-0.778431831405399,0.61081924675523,0.144719492979383
-0.0275915290768118,-0.267880922662341,0.963056861663306,0.626668066149014,0.74596249836278,0.225448632520614,-0.778797690284363,0.609737453589603,0.147290173799235
-0.0269445425445091,-0.269964278406468,0.962493262320076,0.624916526307044,0.746959325460044,0.227004628271352,-0.780226458648645,0.607594481947254,0.148578661764882
-0.0251986377482528,-0.271556986427735,0.962092423719218,0.62511787344939,0.74674747281939,0.227147212467966,-0.780123498524269,0.607144970299632,0.150938106819031
-0.0235398709446093,-0.272100772420271,0.961980791972585,0.628608442084316,0.744196795897733,0.225881729043934,-0.777365616049642,0.610026473707363,0.153526546108222
-0.021466327408401,-0.270828205574949,0.962388320717084,0.633263692153345,0.7412004609596,0.2227082685344,-0.773638347671513,0.614226309871475,0.155594817631441
-0.0186269778513762,-0.269755168974979,0.962748764999158,0.63813206413873,0.738078884216097,0.2191507001868,-0.769701568410879,0.618442971894419,0.158391243761234
-0.0143504205493835,-0.269893263198539,0.962783304752476,0.641772384428596,0.735890497976408,0.215855001269067,-0.766760896247905,0.620985347224939,0.162649704939885
-0.012646421249198,-0.271495501724958,0.962356618189277,0.643164011672117,0.734712566268648,0.215725517861857,-0.765624008322242,0.621681298986909,0.165324651430245
-0.012486892252465,-0.272825390598118,0.961982527786685,0.640248767885105,0.736799926970623,0.217272600292099,-0.768066138261205,0.618621187691684,0.165475778878511
-0.0119062255341996,-0.274327520935981,0.961562610052329,0.635790198720389,0.74013355652272,0.219027719067971,-0.771770085585479,0.613959876348731,0.16560255200097
-0.0107025123173063,-0.274061269975632,0.961652679780721,0.632341820014577,0.743141509743708,0.218825316534663,-0.774615568453637,0.610435186399987,0.165346921090364
-0.00852885958451575,-0.272834014116179,0.962023315359581,0.631919193905149,0.744139575941789,0.216643541079444,-0.774987348882841,0.609768720301745,0.166062388315713
-0.00440900434849882,-0.271261569931486,0.962495569526925,0.633136451041278,0.744255419667304,0.212654895684772,-0.77402764488325,0.610328625393035,0.168464162308599
-0.000356534452427738,-0.269798605108707,0.962916707490622,0.636183804282307,0.742865201440102,0.208378165022747,-0.77153745213831,0.612666308173342,0.171376645950294
0.0014905473668054,-0.268023301353821,0.963411276766027,0.640356895603142,0.740230599794855,0.20494317598021,-0.768076053865796,0.616621576867651,0.172733917975591
0.00118565449144431,-0.26799144728106,0.963420561544972,0.643819338749709,0.737392491971603,0.204325651438571,-0.765176615739996,0.620026529245412,0.173412369099133
-0.00133582982613748,-0.269929981203251,0.962879027088184,0.646527880172568,0.734338185751636,0.20675862522894,-0.762889189671896,0.62280433058434,0.17353630769136
-0.00324265166924324,-0.271746114751402,0.962363514649049,0.64854596773983,0.731957085471026,0.208870660355082,-0.761168583783224,0.624814271721028,0.17386636510597
-0.00656863358385366,-0.271285833971719,0.962476414952133,0.650682421037918,0.729701081376442,0.210115965100904,-0.759321565613064,0.627646658657815,0.171727784212705
-0.00963943962540305,-0.270208828402993,0.962753483637837,0.651176429095864,0.728971722564815,0.211114864211037,-0.758865165489672,0.628957404562478,0.168926741081348
-0.014138934927839,-0.26904924811333,0.963022633487271,0.650719655587459,0.728784013357051,0.213161421714457,-0.759186420025573,0.62967163185651,0.164771404327066
-0.0178432102014591,-0.268378995688528,0.963148137371881,0.648929899044753,0.7297327579495,0.215360367990916,-0.760638945870821,0.628858343865002,0.161138379586905
-0.0215831123242732,-0.267685379968317,0.963264608824395,0.646539393837398,0.731166959953311,0.21767335364946,-0.762575230045382,0.627486584736161,0.157288284679379
-0.0257851584352807,-0.267419335727172,0.963235186485474,0.643057095169033,0.733298202356377,0.220797008072279,-0.765384019925444,0.625108506821131,0.153057690896682
-0.0301727497336795,-0.26794875865588,0.962960574430896,0.639461783995629,0.735275267191981,0.224630604025561,-0.76823058516479,0.622554209840825,0.149157714607155
-0.0342660553744702,-0.269078987821415,0.962508356203766,0.635739717520747,0.737235097058409,0.228734394510137,-0.771142560760145,0.619742615912671,0.145802061048549
-0.0374915534530752,-0.269875572163104,0.962165037282748,0.632717138547735,0.738847166088814,0.231891974312385,-0.773474890353683,0.617472299550487,0.1430543717619
-0.0387999506261202,-0.269836192869355,0.96212420863898,0.631219745271765,0.739798188823517,0.232938345904,-0.774632943406397,0.616349794216901,0.141621799728451
-0.0384056440933346,-0.269280236132136,0.962295776219764,0.630687857776424,0.740431321910472,0.232366700685138,-0.775085693685002,0.615832454457,0.141395033442856
-0.0371594817009711,-0.268975216645308,0.962430000441759,0.630090260227948,0.741217531427886,0.231479664484438,-0.775632282003265,0.615019433786088,0.141935404955377
-0.0341410291301592,-0.269798325583002,0.962311411988106,0.628998767993479,0.742456764549144,0.230474516243993,-0.776656256005589,0.61316132973943,0.144354576372056
-0.0313470642099703,-0.27024207516802,0.962281966148331,0.627390334903763,0.744142732877271,0.229418745474929,-0.778073729947722,0.610918009159027,0.146220576015865
-0.030189723402826,-0.270249058812182,0.962317009520247,0.626280209795202,0.745227277677677,0.228931001448024,-0.779013272941956,0.60959146222388,0.146753431864519
-0.0283870315313685,-0.270445758602067,0.962316615306516,0.62600688559382,0.745728972040589,0.228043152601458,-0.779300683709416,0.608890295466629,0.148131875221367
-0.0258143872860426,-0.270402187023419,0.96240130645277,0.625876439256946,0.746315457903307,0.226477195491342,-0.779494900683829,0.608190672854763,0.149972681713632
-0.0238606029253074,-0.269630911983775,0.962668085547059,0.626024723334077,0.746737736114843,0.224668198097933,-0.779438077978318,0.608014740581901,0.150978004466178
-0.0225757102407844,-0.269249899649231,0.962805706695802,0.626347301885321,0.746808099314899,0.223532369509758,-0.779217167885887,0.608097158632194,0.151784224922585
-0.0205456455613561,-0.26929069812796,0.96283975631993,0.627045711851088,0.746620238947346,0.222197871374526,-0.778711468836583,0.608309739109908,0.153517782704176
-0.0190638648808527,-0.26957721086064,0.962790058341071,0.628362242467677,0.745791329100434,0.221260447616829,-0.777687251597193,0.609198999361625,0.155174475607291
-0.0179432156903154,-0.270084843059733,0.962669319423908,0.629131844371254,0.745273177731766,0.220818959674256,-0.777091476860167,0.609608126670729,0.156546378074642
-0.0192329002982305,-0.270301088950783,0.962583719402182,0.629499259943793,0.744702336815193,0.221695988398996,-0.776763012299334,0.610209595839013,0.155831549660693
-0.0207362985426674,-0.27143022072161,0.962234712116419,0.63064480344366,0.743266459284134,0.223253448781279,-0.775794520354621,0.611457771053934,0.155763462999182
-0.0205097383836119,-0.272264617350722,0.962003809124632,0.633067267766707,0.741199320709297,0.223269795230955,-0.773825035207463,0.613592328112845,0.157160013257911
-0.0230156713577448,-0.272170671631359,0.961973702538529,0.636001367220081,0.738420373615837,0.224137486207092,-0.77134463099586,0.616975264765762,0.156105678631747
-0.0258231187805094,-0.272480178519148,0.961814804861425,0.638516300966798,0.73580172469713,0.225594227169949,-0.769174947548427,0.619959977939626,0.154982340339062
-0.0273077817509361,-0.271868888995127,0.961946772047393,0.640908333189363,0.733728666396861,0.225563189718352,-0.767131535986024,0.622679332645656,0.15420653420554
-0.027716418981394,-0.270885324531211,0.962212523859708,0.644044144553511,0.731324402259318,0.224436535631763,-0.764486062649401,0.625927918864203,0.154192413565467
-0.028546246791026,-0.270245111206383,0.962368272369365,0.646407654115535,0.729373079002938,0.223991196984668,-0.762458035891154,0.628476325325643,0.153867644455161
-0.0293899231565803,-0.27105124280948,0.962116134460018,0.646808983549833,0.728691620983338,0.225048128870041,-0.762085540616066,0.628919506201002,0.153902188105975
-0.030461051066016,-0.272378372828461,0.961707931954018,0.646224254059651,0.728654612689232,0.22684062438583,-0.762539400839721,0.628388794793498,0.153821925436439
-0.0313989688113335,-0.27329851489723,0.961416676843372,0.645378954801634,0.728949985048163,0.228293504063156,-0.763216947831176,0.627646270643945,0.153492832047664
-0.0314109292611094,-0.273456466241168,0.961371371840168,0.645618714173101,0.728712905075548,0.228372454306176,-0.763013649571503,0.627852739937677,0.153659062603958
-0.0310759778907595,-0.271850541649638,0.96183759887152,0.648113154268507,0.72709848835933,0.226444535128813,-0.760909733715018,0.630416585465814,0.15359461548949
-0.0314273139243512,-0.270854143081326,0.962107248239603,0.650378612032269,0.72538100590529,0.225455222345389,-0.758959804568384,0.632819428784791,0.153360965053075
-0.033862798926739,-0.269545194528266,0.962392175236045,0.652253356802172,0.723642265147834,0.225626750701264,-0.757244260056916,0.635363880149345,0.151307205421365
-0.0383925794570777,-0.268133781228167,0.962616374890287,0.652558599364448,0.722822160800318,0.227366220559407,-0.756765012562117,0.636892769012371,0.147221997478683
-0.0432354457053492,-0.26697649849252,0.962732696799757,0.649795444142518,0.724450873132574,0.230080014753734,-0.758878499501921,0.635526932293293,0.142158156022045
-0.0490972685083431,-0.266988797946977,0.96244814925057,0.645135929603461,0.727152001269443,0.234626510404351,-0.762488747824975,0.632429402242395,0.136542889304528
-0.0519597246499608,-0.267179125811782,0.962245032070705,0.64104923538244,0.729899645591615,0.237281236470192,-0.765738901212345,0.62917550977107,0.133349589704747
-0.0534483263491324,-0.267136924468406,0.962175212732088,0.636923991531121,0.732981528676731,0.23888471619337,-0.769071586669629,0.62560046531655,0.130969280265165
-0.0538730259749461,-0.266865749071466,0.962226776308386,0.634164498913869,0.73520032467902,0.239407332613656,-0.771319055507917,0.623107658887602,0.129629317848959
-0.0543443283484699,-0.268530396319545,0.961737032784337,0.632764879307866,0.735818108728341,0.241205966721285,-0.772434658395683,0.621661593730798,0.129929062912147
-0.0544878040507347,-0.26963928115584,0.961418606678428,0.632151427398341,0.736003625996103,0.242246228781438,-0.772926679606784,0.620961609584965,0.130349635111421
-0.05294854177531,-0.271741619868265,0.960912557913174,0.631272892764628,0.736489111216236,0.24306032979591,-0.773751243478449,0.619467740153827,0.132547093986492
-0.0512092827366822,-0.274753778820864,0.960149972861141,0.630290932862157,0.736861912976993,0.244474663627212,-0.774668283404805,0.617693194253864,0.135440645520874
-0.0494118275947453,-0.277091696508114,0.959572124970292,0.628773623644787,0.737836696735337,0.245439889095662,-0.776016882227669,0.615481275650967,0.137770090443126
-0.0463561068409719,-0.277943974223539,0.959478117807474,0.628131565646879,0.738745098641066,0.244348962493812,-0.776725078516555,0.614005558954173,0.140340036970298
-0.0435189441270136,-0.279158087773766,0.95925849672159,0.627600151521225,0.739425330410931,0.243655967620784,-0.77731856488354,0.612634428331594,0.143020648544939
-0.0406125940708607,-0.279648268231832,0.959243172129869,0.629446451961919,0.73842442939419,0.241922562375684,-0.775981817644838,0.613617314088189,0.146034278632829
-0.0356576357755113,-0.279441514823986,0.959500376656402,0.632537904234886,0.737007612418243,0.238150328455998,-0.773708170253513,0.615412235034726,0.150477401135597
-0.0322727557105701,-0.279266694323088,0.959671080464917,0.636803626421065,0.73430840192256,0.235100642795626,-0.770350316814257,0.618709369823822,0.1541398880121
-0.0312456409157648,-0.28023628550112,0.959422396138582,0.640582250551999,0.731225135198792,0.234444411175111,-0.767253602273394,0.62191432363473,0.156666792449637
-0.0312792929940195,-0.282043878485507,0.958891472711405,0.643686388416399,0.728250078305367,0.235201311254164,-0.764649880139431,0.624582319680183,0.158768657945059
-0.0317694703620018,-0.284196841134386,0.95823945662979,0.645183545668571,0.726396130089408,0.236826634037776,-0.763366814284881,0.625764186958929,0.160281905304942
-0.0320100114045175,-0.286793226966111,0.957457573021514,0.64490703854516,0.725928799073731,0.23900269937865,-0.763590381555971,0.625121607082762,0.161717981540307
-0.0317765755092958,-0.289622506697077,0.956613324631956,0.644168742670371,0.725870486037812,0.241161084061471,-0.764223056584513,0.623883675947474,0.163500087678548
-0.0332269411774492,-0.291449838557055,0.956008871289936,0.645589598347981,0.723945207042705,0.243140715851513,-0.762961362642226,0.625268205496618,0.164102499402529
-0.0324491214291017,-0.292247550787836,0.955792039921337,0.648208907532094,0.721751596144477,0.242692904014413,-0.76077083718721,0.627428085537627,0.166017260440173
-0.0331556518037705,-0.293092762031861,0.955508940616467,0.651730606783748,0.718469982264846,0.242998149716493,-0.757725490487653,0.630791183696226,0.167196183079515
-0.0328173108984148,-0.294066847673103,0.955221290175738,0.653683860877931,0.716664100386367,0.24308430069653,-0.756055840618349,0.632390114025356,0.168707763751044
-0.033261417672078,-0.295419120393363,0.954788574188263,0.654043628629208,0.715923176791015,0.244296821066094,-0.755725221190865,0.63259904223724,0.169404373664157
-0.0332134243215978,-0.297698349480267,0.954082051587576,0.653288420884756,0.715979213155243,0.246146309067393,-0.756380266521236,0.631466118684387,0.170702763219993
-0.0332632706748378,-0.299769114218629,0.953431713855057,0.653162844666259,0.715537057233716,0.24776000095414,-0.756486518829975,0.630987478390731,0.171996944573482
-0.0314407647941902,-0.301884528375883,0.952825907412486,0.656117479641344,0.712911304753986,0.247522371641552,-0.754003535282326,0.632948025576539,0.175657239248811
-0.02922335853399,-0.302420078171593,0.952726661553397,0.659211715003656,0.71064960100456,0.245798818943458,-0.751389319938694,0.635231643505539,0.178591290300842
-0.0272959826240608,-0.303193123280581,0.952538114370209,0.66195870264372,0.708541700995421,0.244498126669219,-0.749043126479931,0.637214711024378,0.181360984578518
-0.0259497541439635,-0.303810581021195,0.952378990276157,0.663585082248861,0.707291446275903,0.2437081218214,-0.747650619525351,0.638308656438643,0.183250130256036
-0.0255735152172149,-0.305668375918308,0.951794536274977,0.663910707540244,0.70661924999322,0.244768886814546,-0.747374449478203,0.638166184862911,0.184865769586123
-0.0246940650188169,-0.308241932093443,0.950987441795184,0.662592221096804,0.707271467082355,0.246452065102278,-0.74857314385092,0.636202784613896,0.186773298826879
-0.0246187709674392,-0.310539146220985,0.950241734918223,0.660879518865227,0.708141738585067,0.248542832562485,-0.750088113264381,0.634114119648869,0.187795382268633
-0.0240238148012027,-0.311486013926157,0.949947008759326,0.661448818225624,0.707544125102882,0.24873031962413,-0.749605441009017,0.634316777454917,0.189034146780116
-0.0235377726752747,-0.311465262074639,0.949965980326803,0.665270672186524,0.704407220225247,0.247437670581966,-0.746231134425506,0.637808637927801,0.190628527242663
-0.0230388609151442,-0.310706628241999,0.950226605633741,0.669951888788897,0.700688939042512,0.245355817969879,-0.742046951072452,0.642258827786716,0.192015417438577
-0.0221567337298563,-0.311093372743393,0.95012104101823,0.673406317900379,0.697783776202133,0.244175618522706,-0.738940464558735,0.645227645954691,0.194031633332014
-0.0211267006615416,-0.312399972128761,0.949715704794391,0.6743467319526,0.696857446000685,0.244225684681712,-0.738112557557455,0.645597364746288,0.19594360160169
-0.0219252395201592,-0.314250178146144,0.949086987270977,0.672461348459977,0.697843794481888,0.246596377366964,-0.739807420008325,0.643630999904632,0.196020706208272
-0.0225628076030794,-0.315694371615797,0.948592633032312,0.668573204408164,0.700687160524042,0.249093101920054,-0.743303968817916,0.639823856078266,0.195255328051943
-0.022851740008209,-0.316218990711285,0.948410959390566,0.666110525578364,0.702596595407285,0.250309392224519,-0.745502894489561,0.637466527776658,0.194581243371654
-0.022960731830951,-0.313935665788268,0.949166583134838,0.66682613469711,0.702559544347298,0.24850149442494,-0.744859524258567,0.638634859988549,0.193209225268121
-0.0232432187914631,-0.310510029261711,0.950285890933936,0.668789326869719,0.701698831530729,0.245641173449319,-0.743088547244109,0.641250552870172,0.191356053989253
-0.0252575043151284,-0.308366146584519,0.950932373050989,0.669764470023744,0.70095935951926,0.245094942820454,-0.742143930224848,0.643091203440821,0.188828204692657
-0.0294861982716255,-0.306625879954942,0.95137328838545,0.668509849533601,0.701548916204552,0.246827266015691,-0.743118527011707,0.643280411573426,0.184296410431335
-0.0347292163058071,-0.305504244652581,0.951557164879777,0.666097348782892,0.702743572417694,0.249931577376728,-0.745055839168573,0.642509632554153,0.179089833870995
-0.0388174260672111,-0.303753657627287,0.951959517475171,0.664183562617534,0.703925221670534,0.251693220895537,-0.746561050807097,0.642045946778059,0.174423621231957
-0.0413310007127403,-0.302623851388914,0.952213501768707,0.663391216803378,0.704333308345035,0.252639435211275,-0.74713040484792,0.642131914271731,0.171647204537401
-0.0434612213146387,-0.300699550215519,0.952728136848086,0.662655718853254,0.704990204164454,0.252737433521904,-0.747662036292413,0.642315025927579,0.168620541319071
-0.0468890347407242,-0.297749742895352,0.953491745652177,0.661121485316307,0.706309138815507,0.253072681415551,-0.748812259564601,0.642240212873228,0.163730598527913
-0.0527462955753192,-0.294685750059563,0.954137378481167,0.657946282122847,0.708507001280549,0.255195060644142,-0.751215360694791,0.641231734904221,0.156516273939545
-0.0603306686190697,-0.29308513249709,0.954180965819975,0.652822091222625,0.711553487483074,0.259836394029768,-0.755104977890951,0.638586516894804,0.148403951444926
-0.0685351000701132,-0.29182958961116,0.954011756052179,0.648606398780246,0.713550636581793,0.264868322936207,-0.758032109821016,0.636930906504858,0.140379274891985
-0.0759915717009614,-0.291075026814729,0.953677413906412,0.645547853555,0.714575292262674,0.269536862893088,-0.759929766360649,0.63612693737376,0.133601159225998
-0.0793066828810428,-0.289689374431602,0.953829395852231,0.644296060864207,0.715229440680843,0.270794078846334,-0.760653032601114,0.636024302621209,0.129923248381236
-0.0829521697053412,-0.28795706647737,0.954043848786272,0.642780320366236,0.716122135432618,0.272034091417429,-0.761546057235578,0.635806428883174,0.125689250533888
-0.0870402859005284,-0.286748964554615,0.954043510515747,0.640627411926855,0.717287298109939,0.274035492332733,-0.762902685614787,0.635038552606847,0.121266355535022
-0.0903287238856118,-0.285723937300921,0.954045362283396,0.637523074682778,0.719372644355055,0.275803059810134,-0.765117671269076,0.633138871186152,0.117175590055742
-0.0897981710191613,-0.283688073327163,0.95470276292338,0.635394686549576,0.721842032616489,0.274258404160494,-0.766948421203264,0.631240965875962,0.115433800135852
-0.0891459771037715,-0.281633383400724,0.955371986254817,0.635586313750076,0.722425810748584,0.27227006030381,-0.766865720018703,0.631493139565674,0.114600969200461
-0.0886033216207044,-0.277525855441494,0.956623672589825,0.637307763349964,0.722293366219768,0.268572351311118,-0.765498704225974,0.633460095567497,0.112871790771533
-0.0892857319408425,-0.275547100623379,0.957132098202666,0.637359137949454,0.722646859470993,0.267497375256358,-0.765376631041292,0.633920587956221,0.11110040873517
-0.0901221892005718,-0.275506735580402,0.957065321523838,0.637656774268971,0.722217568884438,0.267947049663812,-0.765030606735826,0.634427160393123,0.110590907912593
-0.089984927777179,-0.274255035996868,0.95743766794674,0.637879010950021,0.722414687751182,0.266884593618262,-0.764861477760751,0.634744983557742,0.109935097607281
-0.0897432526721083,-0.271465500164428,0.95825499258825,0.6379385707486,0.723194857107532,0.264619686728803,-0.764840198048627,0.635055651792576,0.108276454389879
-0.0895644022944076,-0.268650840141953,0.959064619268519,0.637007094610851,0.724782125337732,0.262512537236534,-0.76563710676605,0.63444274515668,0.106217813294045
-0.0888824929774847,-0.265353064030422,0.960045651962329,0.63653908653489,0.726220701098611,0.25965647422926,-0.766105667486826,0.634185497079134,0.104359290621658
-0.0870152735246911,-0.262919244298198,0.960885952208215,0.636139613342111,0.727620487152029,0.256699861732711,-0.766651638301499,0.633594426786022,0.103939250696353
-0.0853778759072392,-0.260881016030156,0.96158812065283,0.635465318425519,0.729078027944825,0.254222458186602,-0.76739458389014,0.632760874772736,0.103533704526208
-0.0824915293225166,-0.260455547348472,0.961955329235948,0.635052545923915,0.730155683124728,0.252152617111574,-0.76805169845889,0.631692635904575,0.105171299499168
-0.0819905161380149,-0.260292380227988,0.962042323423804,0.634437109951221,0.73081196470765,0.251800368857726,-0.768613757865525,0.631000593530143,0.105219495267952
-0.080122701395183,-0.261488162824028,0.961875404313913,0.635557635384145,0.729979921797585,0.251387759998983,-0.767884655938672,0.631469123928721,0.107702835146717
-0.0787054834695426,-0.261012579323762,0.962121551731683,0.637750454295381,0.728600404474208,0.249831560548414,-0.766211331760279,0.633256570463172,0.109116043950292
-0.0762262168421373,-0.259489798672729,0.962732885202704,0.641018558601155,0.726812578254323,0.246654989043809,-0.763730823913002,0.635931223070617,0.11093560352329
-0.0742919080824598,-0.258935104760577,0.963033397092799,0.643558697163934,0.725245039668268,0.244646348309621,-0.761782722105278,0.637943762379727,0.112760100845429
-0.0736864240392192,-0.258201105839596,0.963276959059814,0.644600349825059,0.724686309932427,0.243557264728305,-0.760960379992102,0.638875528674977,0.113036980420323
-0.0718187147142289,-0.259238366254755,0.963139419647209,0.645227167526302,0.724294106212706,0.243063674767587,-0.760607635054226,0.63890024038742,0.115249764989414
-0.0686448068562876,-0.260636457041647,0.962993524252599,0.645934938704071,0.724018900167645,0.242001419750799,-0.760299904940828,0.63864330377826,0.118654056340933
-0.0652709683336912,-0.262099629182629,0.962830974301882,0.645848782998539,0.724434215345303,0.240986342219516,-0.76067013231235,0.637572624898029,0.121992203802324
-0.0626582119184524,-0.263377938536451,0.962655706871087,0.644761195455685,0.725570575086918,0.240479399123074,-0.761811623246678,0.635751053526715,0.124352919651826
-0.0608675300989579,-0.264524302921046,0.962456251963583,0.643671090513746,0.726564699685077,0.240398137281426,-0.762877887355832,0.634137706129883,0.126042447801656
-0.0595171956410964,-0.266207808232195,0.96207645551652,0.643943805923493,0.726197724939161,0.240776325883493,-0.762754271201274,0.633853506048044,0.128201617130268
-0.058355009380677,-0.267255589345548,0.961857132241449,0.645811439776797,0.724622507661434,0.240519865383039,-0.76126360554909,0.635213878433098,0.130311363711612
-0.0576578351521647,-0.268085216937433,0.961668285067765,0.64792200410716,0.722795385996668,0.240341229454475,-0.759521329943621,0.636943597535557,0.132023493815063
-0.057572477639413,-0.269176176073386,0.961368605714254,0.64936565965041,0.721327551490961,0.240854320133233,-0.758293907324361,0.638146338777059,0.133265150809163
-0.0572209300247827,-0.2709066308041,0.960903409585724,0.650095480732943,0.720352786979045,0.241801009555639,-0.757694945936492,0.63851504264026,0.134895919969448
-0.056666648276392,-0.273665025876841,0.960154333732316,0.650109451590817,0.719762118154661,0.243516312024068,-0.757724614834048,0.638004660548294,0.137125713100239
-0.0574466903789796,-0.275046532559758,0.959713125205316,0.649951620365134,0.71937628839585,0.245072737934163,-0.757801272728701,0.637845718509315,0.137441152607571
-0.0595525410042234,-0.275269705065542,0.959520757635326,0.650836870843773,0.718118138204535,0.246409632790479,-0.756878366985229,0.639165807169612,0.136389913611643
-0.0604372427291543,-0.274114955078139,0.959795984099646,0.65279685687811,0.716562118442183,0.245753929904918,-0.755118271094905,0.641404491577788,0.135634342415486
-0.0609643086395098,-0.271993289264014,0.960366077944993,0.65623416081496,0.714054467984922,0.243891252262674,-0.752090472783422,0.645093688812806,0.134959450955817
-0.0616073204303379,-0.269457356657943,0.961039682329667,0.657650056228785,0.71333888729586,0.24216530596636,-0.750800200860169,0.646946956723979,0.133261748352299
-0.0637768627993497,-0.268213874694452,0.961245977465114,0.657398949552876,0.713397297209741,0.242674509293029,-0.750838952704405,0.647399114731574,0.130825277934067
-0.0680117755203076,-0.268168553043823,0.960968274996088,0.654969159315301,0.714573494131272,0.245764362410081,-0.752588731470505,0.646119453849989,0.127042719666296
-0.0748287281523529,-0.267883009766176,0.960541177941745,0.651905569893349,0.715763631435614,0.250402779250013,-0.754599091826335,0.644919465509235,0.121074743948328
-0.0810694182539699,-0.266849807003182,0.960322305232117,0.649837836674739,0.716401370035487,0.2539288542824,-0.755737080901723,0.644639633837109,0.115330858994896
-0.0889560265432898,-0.263719108456454,0.960488967753697,0.651863152207673,0.713700607854692,0.256331568757573,-0.753101092905531,0.648909604014901,0.108420799119538
-0.0930772068314353,-0.259521822049144,0.961241414759451,0.65637287052611,0.709951018778554,0.255233629783788,-0.748673018350316,0.654689220023964,0.104262825487524
-0.0967439828910812,-0.253546291274142,0.962473313892649,0.663085780896681,0.704741665653837,0.252302262899274,-0.742265349418259,0.662611094740032,0.0999434248983246
-0.100411870143816,-0.247653898868822,0.963631154907983,0.670069171687121,0.699113435597804,0.249494908407307,-0.735475874171789,0.670751780125633,0.0957459553690739
-0.106634126836165,-0.243745151195848,0.963959264835606,0.671508949974227,0.697331236632044,0.250609011254055,-0.733283637549891,0.674030746840037,0.0893177430069915
-0.114206915126185,-0.241607192580538,0.963629983463939,0.670728273440272,0.696784388098695,0.254195003313911,-0.732857669500151,0.675364702213018,0.0824751796574575
-0.12188199539254,-0.240258809902482,0.963026730399201,0.666160368170054,0.699461053894464,0.258813828773471,-0.735781994260984,0.673074987166429,0.0747991883127101
-0.129192483829712,-0.239489756800449,0.962265014696872,0.662045634581425,0.701613355821167,0.263503845636148,-0.738244458058161,0.67110606860691,0.0679099758900683
-0.132532129484892,-0.238297771228103,0.962106754410298,0.648491565711536,0.71323835271231,0.265988235494036,-0.749595840340113,0.659170102817133,0.0600070970540234
-0.135225626177252,-0.236548298357394,0.962163672443099,0.656930106637103,0.705549605011093,0.265786737559373,-0.741725599543884,0.668015461956467,0.0599873117280107
-0.135670780254635,-0.235760400924133,0.962294379460459,0.64869052244043,0.713000537130211,0.266140639790304,-0.748861833371858,0.660338752011513,0.056202198451811
-0.136588979283209,-0.235436884599214,0.962243692683193,0.647208160144756,0.714171346404653,0.266609987465969,-0.749976698424965,0.659187956007072,0.0548287376729438
-0.138161642682587,-0.239440171567931,0.961030574295516,0.643868671634122,0.715591412940856,0.270854321385909,-0.752558631722048,0.656199157241785,0.0553007401018278
-0.136650252897553,-0.237187029588675,0.961805084919983,0.639087835918778,0.720732162733028,0.268536566565571,-0.756897249541632,0.651373520030614,0.0530951131389604
-0.136035390396175,-0.23798702377621,0.961694623606632,0.634734920807039,0.724379875558265,0.26904530509614,-0.760661523194017,0.647020843868522,0.0525173755229944
-0.132644962802815,-0.23473856405505,0.962965793986688,0.633561255869755,0.727073796572751,0.264506766261327,-0.762237134298624,0.645183307969649,0.0522785827424865
-0.12942189720278,-0.240804711051895,0.961905953646013,0.6326686225066,0.726903804157896,0.267097872691604,-0.763531523003494,0.643136028096695,0.0582723154162687
-0.124552952148397,-0.241450976861034,0.962386610403517,0.633985407355782,0.726748893321402,0.26438333781848,-0.763249019240144,0.643068792454563,0.0625576757879335
-0.119097360253497,-0.242208763988417,0.962886666969614,0.635979276948498,0.726116797195836,0.261313520741133,-0.762460607554721,0.643497716761501,0.0675611608101954
-0.113893386351988,-0.243888860007922,0.963092166155095,0.637377234255877,0.725669796323293,0.259140131890912,-0.762088287403504,0.643367368358192,0.072800216581051
-0.109117676206581,-0.245829008004872,0.963151821657737,0.638063917887754,0.725650748808449,0.257498402797897,-0.762212417524804,0.642650052187875,0.0776732965305053
-0.105300131693282,-0.248643889333877,0.962854141893932,0.637564254859852,0.72617748651868,0.257251003882228,-0.763166890784957,0.640969948102355,0.0820598710654954
-0.101796021459541,-0.250238815705833,0.96281779435631,0.636757516482376,0.727211444909519,0.256326704804251,-0.764315010462443,0.63917450630227,0.0853142149647039
-0.0988661957032815,-0.250976336621883,0.962931126199076,0.63682260824023,0.727611290724624,0.255027008852312,-0.764645304034015,0.638429861508612,0.0878912450294273
-0.0962162878722828,-0.251699582716626,0.963010771491344,0.639052252617703,0.726140350200039,0.25363834535733,-0.76312164454451,0.639818342869006,0.0909826563474684
-0.0941223047096861,-0.252312985437447,0.963057188922745,0.640881007300075,0.724905410383673,0.252554311938085,-0.761848099189188,0.640976055228369,0.093472832340208
-0.0921540616131798,-0.251814807811185,0.963377875755516,0.642628899739243,0.723995760321926,0.250715448777708,-0.76061536018419,0.642198911243933,0.0951043229773632
-0.09247495204186,-0.253473736877589,0.962911962724613,0.643143553328358,0.723057165056935,0.252100586814076,-0.760141271775865,0.642603610924448,0.0961553231487063
-0.0941228091946374,-0.255600085121928,0.96218994656719,0.639739502527805,0.724997167641126,0.25517146356484,-0.762806833801839,0.639568372731179,0.0952787012254288
-0.0971630966540557,-0.261063155290794,0.960419367567215,0.632996955842859,0.728454133279832,0.26204852527958,-0.768032672835126,0.633403982192364,0.0944733232218893
-0.0980372448493392,-0.266100221706236,0.958947011377711,0.625587844403842,0.732919734690085,0.267335952381963,-0.773969345359689,0.62611447396599,0.0946156326078639
-0.0934577170514771,-0.267635541935442,0.958976992329038,0.619523980559796,0.738374644717609,0.266444969082719,-0.77939443969974,0.619010582083269,0.0967998276551202
-0.0916253568976181,-0.269495461569814,0.958632875592454,0.617251416567875,0.740059099536149,0.267045348094092,-0.78141249204139,0.616185625754948,0.0985382762922516
-0.0898322611422897,-0.268486328689695,0.959085635469947,0.618214493377174,0.739971688347531,0.265052335629226,-0.780859145452281,0.616730890867997,0.0995088097240607
-0.0880348599311393,-0.268166817060197,0.959341660548893,0.62029942517593,0.738801349218142,0.263441055114543,-0.779409062407742,0.618271076972921,0.101303449178343
-0.0905989955493089,-0.266877647243344,0.959462424176848,0.62130219904834,0.737798321082512,0.263888641031635,-0.778315745352202,0.620024159859665,0.0989678823010946
-0.0925016220331127,-0.267521070876007,0.959101624729412,0.621485112762585,0.737056410252093,0.265526086704821,-0.777945823650799,0.620628975108037,0.0980814494215209
-0.094152082410116,-0.268397416620255,0.958696099986545,0.62133777295303,0.736564681583952,0.267229941707326,-0.777865513620194,0.620834355198474,0.0974163545083027
-0.0956262946871174,-0.267706529398178,0.958743357672946,0.62132782010205,0.736436991423906,0.267604741418645,-0.777693610448001,0.621283970322821,0.0959107735776587
-0.0981151271637016,-0.265167086834614,0.95919749680725,0.621350916581775,0.736571672939078,0.267180106083362,-0.77736507529258,0.622212653908109,0.0924929890964082
-0.100243303367901,-0.263839860816723,0.959343425460405,0.621639527400751,0.736235062746174,0.267436404320929,-0.77686265073233,0.623174502228187,0.0902106516426374
-0.102046045154075,-0.263104231099662,0.959355392045027,0.621328822820061,0.736285997952502,0.268017579931105,-0.776876501511952,0.62342529046915,0.0883391679947556
-0.100926307391297,-0.264389189525721,0.959120553912953,0.619766598148932,0.737427955059487,0.268494645972102,-0.77826939056811,0.621529056085648,0.0894337081084401
-0.0993708264909986,-0.265757194521174,0.958904871404213,0.617415356884564,0.739262521598664,0.268866511939832,-0.780335643121345,0.618760080903592,0.090621445334852
-0.0982729266088122,-0.267581841838904,0.95851050584427,0.615420774284003,0.740570583996435,0.269837878547208,-0.782048401619374,0.616405035700779,0.091897385639111
-0.0983588521537613,-0.269585313501152,0.957940131191652,0.61424611337465,0.740909840452367,0.271577466894778,-0.782960566316804,0.615123050344671,0.0927166895846482
-0.0990586357287477,-0.272033039815696,0.957175747674476,0.614410218772681,0.739927115802353,0.273875786385209,-0.782743552995018,0.615228322291036,0.0938437088764708
-0.0971167150988227,-0.274630263363109,0.956632929651454,0.616610439929297,0.737888362235888,0.274430920719654,-0.78125534175365,0.616521681145074,0.0976785936602261
-0.0953588745594175,-0.275263719317105,0.956627707036795,0.621101201772097,0.73454406416461,0.273273333784683,-0.777907438067035,0.620221656045846,0.100921331599073
-0.0918589134424554,-0.273752553907705,0.957403509106887,0.6264045951297,0.731514766632567,0.269264608515299,-0.774066678795546,0.624456311864577,0.104283706066299
-0.0885869179811439,-0.270850537878573,0.95853656377495,0.631826169637214,0.728661414778084,0.264288164652086,-0.770031200227736,0.629040959512565,0.106580588905028
-0.0882336330453009,-0.268120462768304,0.959336355740018,0.632598993546438,0.728857649794921,0.261887456170505,-0.769437027549143,0.629982494820558,0.105302976482169
-0.091867114443592,-0.268060617455167,0.959011959598712,0.630082490773229,0.730115517866181,0.26443786678916,-0.771074891372305,0.628549787956811,0.101826695687507
-0.095362368797627,-0.268990237984629,0.958410282961466,0.627904178023174,0.730840831778872,0.267596752270667,-0.772426282462183,0.627308481110959,0.0992053813455349
-0.0955059137803313,-0.269738803868776,0.958185576034427,0.629854098243269,0.729011470061402,0.268003901921358,-0.77081932731292,0.629113069492564,0.100271184467429
-0.094315153474081,-0.269585269763903,0.958346719173955,0.636598983475402,0.723776447714939,0.266250611212874,-0.765406026931619,0.635194014502237,0.103354621944483
-0.0938620323105065,-0.266594694405161,0.959227391083866,0.644870227145242,0.717767259434035,0.262588178382423,-0.758506630842596,0.643224245655878,0.104547887440351
-0.0944580455194575,-0.260959082240505,0.960717458482377,0.652571585847527,0.712555170277991,0.25771196063541,-0.751816468947767,0.651279883541858,0.102987913429758
-0.0962544143802009,-0.254768895412885,0.962199510310841,0.656591479582276,0.710280926035219,0.253749157733597,-0.748079351841957,0.656196476705453,0.0989114114097411
-0.102548363146426,-0.251625670942553,0.962376410215202,0.656493527589091,0.709735108984203,0.255523625735102,-0.747328630155182,0.657997413975079,0.0924084506551681
-0.108278567719776,-0.250099553564639,0.96214654033537,0.653397642290966,0.711517859553374,0.258483764645273,-0.749231121097596,0.656652532808146,0.086372323897678
-0.114311235855057,-0.249552727325178,0.961590545732358,0.649228227758334,0.71388037934125,0.262445255764637,-0.751954552907995,0.65429216736574,0.0804121264784087
-0.117233891607975,-0.249397945858002,0.961278772916712,0.646989887402216,0.715171058420581,0.264451210617109,-0.75343234617165,0.652940289612608,0.0775156625649732
-0.115972549945333,-0.248982579463988,0.961539413015731,0.645010748851559,0.717294555099057,0.263533024669011,-0.755322117725364,0.650765853705236,0.077409961414319
-0.115597993267629,-0.249640551573015,0.961413906162594,0.644898181537256,0.717299545859205,0.263794800858771,-0.755475637861631,0.650508229402595,0.0780743496742887
