X1,X2,X3,Y1,Y2,Y3,Z1,Z2,Z3
0.261143530608023,0.618436763548562,-0.741174760709751,-0.610952900357122,-0.488570375769884,-0.622924988634503,-0.747355745255763,0.615495700563095,0.25024874149843
0.267075961492516,0.607399347202419,-0.748155374110835,-0.617268564197375,-0.488360365466711,-0.616833586224787,-0.740033749532114,0.626554216695807,0.244499208780202
0.268484477867844,0.598456547522189,-0.754828355238363,-0.619897295560983,-0.492446035307374,-0.610920817509298,-0.737321794130766,0.631938812732586,0.238767478652178
0.271413116476937,0.583620438072856,-0.765324835914741,-0.625248446210679,-0.497611558370993,-0.601204721776803,-0.731709847354406,0.641693011680227,0.229849468229432
0.275369921505917,0.571607504786917,-0.772940015008344,-0.629688506911961,-0.500288230403528,-0.594309743132898,-0.726404701659351,0.650366471299821,0.222170345492392
0.276238188327327,0.563011362618961,-0.778916342665614,-0.630526441405832,-0.505495278466547,-0.588991451666428,-0.725347413311535,0.653829281242412,0.215356451011566
0.277792841998366,0.553473323306286,-0.785174131847686,-0.629267707832381,-0.51273246264003,-0.584061275581999,-0.725846601434389,0.656332767842187,0.205849481521721
0.27725449603604,0.548995712395375,-0.788500889155679,-0.634693387472604,-0.511465671338655,-0.579281599000563,-0.721314250743982,0.661064728157231,0.206637791461422
0.278449239844615,0.546706119397495,-0.78966982963976,-0.63416304747117,-0.512828048679133,-0.578657603173096,-0.72132049052556,0.661906195394245,0.203904238422551
0.279387972115601,0.547714666836943,-0.788638703570164,-0.636092018895152,-0.509679659839794,-0.579321661811019,-0.719256077162384,0.663502289428821,0.205998561615588
0.279824498422387,0.548648706875043,-0.787834276054935,-0.637177723110276,-0.507693449613228,-0.579872322491619,-0.718124501221525,0.664252931995158,0.207521668943684
0.279390376629964,0.549365969656457,-0.787488443616785,-0.640910139643364,-0.50399653792928,-0.578983318116873,-0.714965181214366,0.666471695677109,0.211282437775572
0.278384769154971,0.547590807921063,-0.789079354300245,-0.642830286190956,-0.504192887957616,-0.57667907443275,-0.713632358752171,0.667782778164664,0.211648335047775
0.274371823252592,0.539508102139617,-0.79602205392235,-0.648790566468147,-0.507142216028785,-0.567342554003624,-0.709782293007504,0.672114410236176,0.210882232741139
0.277662720800635,0.526752479404504,-0.803389842429438,-0.653354714375331,-0.509548294550631,-0.559900127454954,-0.704294704425015,0.680361933798292,0.202673649883575
0.276399263974624,0.51847940882098,-0.8091863502945,-0.659619266875814,-0.510000174560293,-0.552088982605779,-0.698931949220022,0.68635189558791,0.201035334661305
0.278359436649818,0.508798561450011,-0.814641054633509,-0.665656772634997,-0.509238683292764,-0.545506209390335,-0.692399512617647,0.694118136418183,0.196933815334475
0.276254056151139,0.502468092898839,-0.819273771140421,-0.67091453750628,-0.509545111970848,-0.538736913743016,-0.688155055073184,0.698490940875557,0.196349244184954
0.274464693245999,0.495399282889022,-0.824165446178388,-0.677276679831046,-0.508830624891672,-0.531401631658565,-0.682616606242782,0.704039022842763,0.195866340130695
0.270917402276864,0.487625238294974,-0.829955051868067,-0.684625475802396,-0.508489435551507,-0.522232181902698,-0.676676968003122,0.709690158386236,0.19608202381611
0.26656214304011,0.480823240920072,-0.835316487858933,-0.692379718743307,-0.507380479150049,-0.513006212877003,-0.670488589739455,0.7151042304228,0.19766383245453
0.263245829607538,0.473031351671534,-0.840799008996823,-0.701819797078001,-0.504089103847502,-0.503332045285828,-0.66192945668223,0.722589451706862,0.199283412903193
0.261833303103923,0.467407996836583,-0.84437733619449,-0.708817647349412,-0.50063945164799,-0.496928246590637,-0.654996842886845,0.728621921127008,0.200222955380878
0.258670743223555,0.46426214328621,-0.847083295143676,-0.715194232385586,-0.497401690717712,-0.491007910357413,-0.649297048016211,0.732838468137731,0.203374342174664
0.256622551561408,0.460232515393898,-0.849900522299121,-0.719935137324011,-0.495676978378113,-0.48579597687939,-0.644855227222646,0.736539452358222,0.204135668229441
0.254528580447983,0.454420205580695,-0.853649505649206,-0.724092210613779,-0.495559881887523,-0.479698732531236,-0.641019244846506,0.740217995068766,0.202907977942692
0.251752667418373,0.451233836873817,-0.856159225207477,-0.728274341063885,-0.494283840656796,-0.474657738811379,-0.637367302735007,0.74301514744028,0.204184749867861
0.249634707887388,0.447795339500829,-0.85858129873607,-0.732887214034047,-0.4921364024407,-0.469763869298329,-0.632897182900502,0.74651262234075,0.205329151760159
0.249212257698042,0.443077211438168,-0.861147975273252,-0.737904180735605,-0.489010731787374,-0.465151506769238,-0.627208634081164,0.751366148359742,0.205081058201595
0.24752233317516,0.439517189998402,-0.863456619799417,-0.741662484310859,-0.487489327418952,-0.460750382548363,-0.623433600269805,0.75443939143481,0.205308915310814
0.246865194954137,0.433218140765857,-0.866821560663802,-0.747203126879761,-0.484483113346172,-0.454932522538791,-0.617045430014163,0.759998786442304,0.204099931173095
0.2449692603421,0.425875149746164,-0.870988184946344,-0.752743308721574,-0.482639182991773,-0.447701831821058,-0.611038110646416,0.765303714788917,0.202342905652613
0.242679865891937,0.419569089318458,-0.874681806132465,-0.756125719545677,-0.483062268958545,-0.441502820546092,-0.607766714235161,0.76851325531646,0.200017492911729
0.240468456188177,0.414521310097457,-0.877694140947496,-0.762272887630107,-0.479155744703777,-0.435143444281799,-0.60092842033185,0.773680719542924,0.20075651382959
0.238811682302681,0.409906138601691,-0.880310137356384,-0.766263795969558,-0.477314304487945,-0.430128875707633,-0.596497087488352,0.777269587895886,0.200108001714255
0.237013361646844,0.40386007244396,-0.88358457902253,-0.770370140054268,-0.475999795686599,-0.424209903018639,-0.591907521251107,0.781230591049707,0.198303428852089
0.236221177187121,0.398639038409188,-0.886163908373913,-0.774167931212724,-0.473945845672042,-0.419570434673399,-0.587250857581445,0.785151101652676,0.196657514078275
0.234858905102216,0.397019971877605,-0.887252183217654,-0.775069193572837,-0.474364321043016,-0.417428120873224,-0.586608080295985,0.785718545569407,0.196309264375767
0.232560653292397,0.397951870422681,-0.887440055083893,-0.776487614552136,-0.47347182799974,-0.415802131473274,-0.585647101066287,0.785785426765904,0.198893780935904
0.234198332745191,0.3916386135754,-0.889814776959852,-0.785187661594336,-0.46350299873153,-0.410664469180008,-0.573263880790855,0.794848517972839,0.198958177657995
0.237560883512142,0.387911773709178,-0.890555603229091,-0.78823888352025,-0.458791489026146,-0.410109536714183,-0.5676656490679,0.799396538280578,0.19677623193198
0.236350473159655,0.379600480977249,-0.894450629536951,-0.793468139198191,-0.455927742123505,-0.403160273389533,-0.560844689655316,0.805005197998127,0.193442149702253
0.233703499435315,0.37772561105215,-0.895938634677045,-0.797007390314485,-0.453373335806753,-0.399038642444002,-0.556921802532261,0.807326440254955,0.195095168390918
0.232565690589233,0.376974159788571,-0.896550992644843,-0.799021748975257,-0.451512994510058,-0.397114920965055,-0.554506487090345,0.808719048026112,0.196204121094498
0.23006842566102,0.375507291554385,-0.897809998553898,-0.802829299906668,-0.44818787132144,-0.393182841959978,-0.550030576173024,0.81124713003489,0.198354378033169
0.226488246801707,0.373372946278925,-0.89960864660567,-0.807346647826193,-0.444718736320174,-0.387835836159574,-0.544880229320626,0.814136283771202,0.200717829658252
0.226309243281303,0.370026028632092,-0.901035440224305,-0.810804781734153,-0.441067972761626,-0.384778701750736,-0.53979600991715,0.817642820269775,0.200201114229697
0.224242265703371,0.360345713047415,-0.905464727839008,-0.816093861330404,-0.438387329027494,-0.376573179139157,-0.532640794317381,0.823387828933905,0.195770956457948
0.221589004234373,0.354172487055545,-0.908548382099329,-0.817807752890846,-0.439969607343226,-0.370967955389509,-0.531120318302778,0.825220330594889,0.192152578590084
0.217764633390308,0.348461518366295,-0.911676003118565,-0.821678429041801,-0.438638377900909,-0.363924350215614,-0.526709714825712,0.828354358744079,0.190803387438227
0.214616343371541,0.343463188613051,-0.914315516233638,-0.82347461880235,-0.43974780998693,-0.358484889221321,-0.525194609022363,0.829852337274201,0.188456151330734
0.212111075016588,0.33089269325096,-0.919521026082837,-0.827431517809734,-0.439835419807901,-0.349144507070479,-0.519967282807666,0.834898095000542,0.180497079682967
0.208043243019507,0.330878188837771,-0.920455122852474,-0.829154262964751,-0.439539934290252,-0.345409690616089,-0.518865317053768,0.835059441187008,0.182905747430569
0.206530324955226,0.32936254366887,-0.921338992826126,-0.83057083015442,-0.438733721503721,-0.343023057114377,-0.51720143171736,0.8360819555782,0.182947103245845
0.207403536692268,0.327179067166726,-0.921920620756175,-0.829037722262645,-0.441494765009659,-0.343189200783812,-0.519307450392448,0.835485625535818,0.179676212921794
0.205451103318095,0.327769712909738,-0.922147959627112,-0.722892045278772,-0.584334831170177,-0.36875451990992,-0.659709735427674,0.742374447553516,0.116889882374651
0.203278360274124,0.327768157332551,-0.922629905911947,-0.719873340201729,-0.588685330593585,-0.367738977551642,-0.663671818228761,0.738930048504421,0.116284569510255
0.200541328153195,0.32561853282988,-0.923989040400517,-0.735725396591027,-0.572727295008021,-0.361512913135578,-0.646909048099908,0.752300482939172,0.124710331793157
0.198465914127285,0.328083683813896,-0.923565036878684,-0.73962575372735,-0.568154966596699,-0.36076817813487,-0.643090215563004,0.754692672779197,0.129899747114927
0.196033955178112,0.328626306953214,-0.923891464835301,-0.744750371025724,-0.56300901165934,-0.358284436792081,-0.637900911799217,0.758304426446704,0.13437568067572
0.192129422660921,0.326777906774627,-0.925366135425311,-0.751829134708065,-0.557029500557764,-0.352804602737111,-0.630744985831916,0.763501365520954,0.138659394544817
0.18902715777205,0.327525520520539,-0.925740658625498,-0.760807945873714,-0.547184149705608,-0.348942367456821,-0.620838145670867,0.770270432847257,0.145751353891683
0.18875303728571,0.329272146776325,-0.92517681784226,-0.763629674644953,-0.543138916963912,-0.349098606243153,-0.617447982357269,0.772385894638541,0.148922862067441
0.188599782539482,0.336164495503988,-0.922726153302598,-0.761459772097371,-0.543293743445413,-0.353568838856721,-0.620168636342955,0.769301852523194,0.153510658264828
0.188224465147014,0.344215399157917,-0.919830043922613,-0.769341098044657,-0.530486739485554,-0.355946757380127,-0.610479996051928,0.774660944034577,0.164968470344779
0.189821337130369,0.348513160815734,-0.917881493826008,-0.77114492048878,-0.52572747958266,-0.359090697200606,-0.607703358205623,0.775982727868275,0.168959860545984
0.189989231212721,0.353405683671464,-0.915974079748933,-0.776982777001603,-0.516202122210252,-0.360323650720444,-0.600168189981838,0.780153697532952,0.176517285158103
0.191081178581524,0.359969123537405,-0.913186844677259,-0.777412106523751,-0.512479477704437,-0.364685071756564,-0.599264882854151,0.779606961892658,0.181919172014115
0.194693354278796,0.367416449072997,-0.909450191461996,-0.778311642935766,-0.506398031999335,-0.371203474738355,-0.596930049729698,0.780106522301788,0.187372168669498
0.192691359714644,0.38081493535832,-0.904350609497976,-0.781156399707788,-0.498232140682421,-0.376243821459673,-0.593855806645762,0.778938199730281,0.201470995217826
0.193624975582775,0.389227621676442,-0.900561617744544,-0.777860372391242,-0.498479817572418,-0.382689315942223,-0.597865043211198,0.774609404795132,0.206246600236229
0.190726838939789,0.396864689183652,-0.897842798816808,-0.780651964820009,-0.493204313123912,-0.383838527689222,-0.595151898871788,0.774111054045305,0.215745899785306
0.191918810014126,0.404929696242047,-0.893979368589726,-0.7804019132373,-0.48938157460661,-0.389202425803227,-0.595096651123431,0.772358476056862,0.222086380232553
0.190727804053321,0.412420272547571,-0.890804368844689,-0.779097974589474,-0.488459381389622,-0.392955186660065,-0.597184436126375,0.76897135936539,0.228153013839766
0.188759934564723,0.417059170403923,-0.889062053787649,-0.7805046526288,-0.485717525291207,-0.393561904723745,-0.595971622082728,0.768205788839799,0.233832614630862
0.184914665699784,0.422393045665967,-0.887350371263891,-0.77863147609102,-0.487937611789425,-0.394524918657303,-0.599616202957739,0.763872372830868,0.238661700271081
0.180919666561873,0.427406942590634,-0.885771629527875,-0.779565070746277,-0.486780392166729,-0.394110581276825,-0.599621859777887,0.761818977991052,0.245123377198455
0.175353939056598,0.436512871090819,-0.882444054560619,-0.777907208886231,-0.487940590407128,-0.395947413927629,-0.603416415438103,0.755890530172983,0.254004204639683
0.17029066296277,0.445588103280486,-0.878892673949783,-0.773507605961743,-0.492125018200871,-0.399373196371672,-0.610481018236467,0.747839694503904,0.260861491403531
0.168925393091719,0.453027792676801,-0.875345663513102,-0.770053771636767,-0.493676885529682,-0.404104344794389,-0.615208420258369,0.742326714968617,0.265461198458653
0.164692565637721,0.460669758174745,-0.872158089297397,-0.827508467725299,-0.416654388853478,-0.376336094591075,-0.536755153367523,0.783697961048998,0.312588245430072
0.164829149421026,0.471353554887855,-0.866404742482244,-0.78102691492583,-0.474080865297048,-0.406502510841744,-0.602352313569544,0.743688886197571,0.289997467029687
0.161379555045245,0.483952788041377,-0.860085076117693,-0.78855647894448,-0.460797389929278,-0.407240033578538,-0.593409907844555,0.743945874631578,0.307260828760475
0.160069371200021,0.492216673567557,-0.855628741140525,-0.771289196147695,-0.47858489246754,-0.419606335280672,-0.6160282236306,0.727103326195062,0.303034619683305
0.162538581296192,0.497785004029573,-0.851933858555639,-0.767774035856676,-0.478517572830767,-0.426079760557227,-0.619761437534293,0.723347096666206,0.304408834119507
0.160399803151208,0.507035235904979,-0.846869041056429,-0.764999918201752,-0.478312898441712,-0.431267777993674,-0.623736345181493,0.717030013831409,0.311160619237981
0.159148862999922,0.514511280087438,-0.842585177930764,-0.76002941790422,-0.4808587330355,-0.437184357889971,-0.630100724746453,0.709966915796982,0.314515588083828
0.154465054558134,0.526942292139187,-0.835746592978668,-0.755732815258217,-0.481856004760772,-0.443489236191676,-0.636402748943028,0.700104714618525,0.323797667852429
0.152056898667136,0.533713626691966,-0.831882482235947,-0.751096595706466,-0.484688316471436,-0.448253432551544,-0.642442684981228,0.692984127205951,0.327170285867646
0.148775324828942,0.541313093100918,-0.827554250765205,-0.74914335527907,-0.484567300630963,-0.451640082809796,-0.6454844196131,0.6871496681195,0.333429449269257
0.143885625371039,0.547049395323597,-0.824641671204937,-0.744828682646639,-0.488793625365354,-0.454214734799594,-0.651557488114791,0.679571740788477,0.337127703998444
0.14072602863226,0.552571105392816,-0.821499457303749,-0.743393628801889,-0.489041734894319,-0.456293868234401,-0.653882326968814,0.674909886589696,0.341956938021928
0.136295224960361,0.560098870869479,-0.817136993718764,-0.737614025439666,-0.493246301381041,-0.461122148295453,-0.661323794466596,0.665580454208698,0.345909667178653
0.13434665199186,0.564032020941284,-0.814750794078453,-0.735542842845594,-0.494197400341826,-0.463406577245083,-0.664023872641037,0.661541237451055,0.348475949980092
0.139797097666013,0.571452387247164,-0.808640179927807,-0.73304688785341,-0.489277736236283,-0.472492917441022,-0.665656842293827,0.658824305815303,0.350501786549505
0.135490970273402,0.577203074400396,-0.805281818916274,-0.723384388746642,-0.49775745172989,-0.478489859208128,-0.677020843912519,0.647359351635625,0.350098053062114
0.124241069120498,0.589615722049496,-0.798071085214749,-0.719446253045588,-0.500379498823573,-0.481681893095156,-0.68334562684081,0.634013925295905,0.362029138065459
0.117794317209404,0.593606323196459,-0.796087954873299,-0.705122715774636,-0.514484900756015,-0.487962337268641,-0.699232761340436,0.618818891078201,0.357961905114181
0.114911767934694,0.611613037740845,-0.782767384128604,-0.686758573110347,-0.520433134279354,-0.507456416851346,-0.717745043765238,0.595884925811672,0.360226605542753
0.108908806611373,0.621858467217761,-0.775519773179294,-0.669923321283643,-0.530461537134929,-0.519435560219689,-0.734398812255834,0.576109889144446,0.358825556764278
0.103907263451418,0.629810625601957,-0.769767404142907,-0.653947117393807,-0.53987447186543,-0.529989360535052,-0.749370701491837,0.558456919114532,0.355765964137573
0.0895426264610088,0.636294289781607,-0.766232141611004,-0.643016379111964,-0.550574297405527,-0.532351274282452,-0.760599799000896,0.540367948557029,0.359847781613372
0.0835111710440737,0.64312221971981,-0.761196226221276,-0.632259510502924,-0.556227698302005,-0.539313136331999,-0.77024268622912,0.526312224961875,0.360168913381251
0.0746297242418791,0.647633754138376,-0.758288154173738,-0.623280528541279,-0.563285954523178,-0.54243001039601,-0.778429050717459,0.513107643616373,0.361619633125152
0.0631302931933826,0.656478797430775,-0.751698180525376,-0.615045704699886,-0.567577081776793,-0.547334483996724,-0.785960143526081,0.496882123612414,0.367933157003932
0.0602824661477701,0.661096437848447,-0.74787533997267,-0.608610202366899,-0.569516061478937,-0.552489888859916,-0.791176115571031,0.488470015028163,0.368018204126264
0.0598805857590924,0.665183300874633,-0.744275145149075,-0.599577681741277,-0.572155538536726,-0.559593283804859,-0.79807325416086,0.479759539727224,0.364568052678535
0.0581339303012648,0.6709820073802,-0.739191174135464,-0.589729406586353,-0.574360426915018,-0.567740545497066,-0.80550584923701,0.468927761777905,0.362307992016362
0.0518463743531861,0.676534372013999,-0.734583689548069,-0.58240910044597,-0.577046872866757,-0.572552658043268,-0.811240773866887,0.457513005277796,0.364101986835467
0.0386879484323284,0.685350509862316,-0.727184929215094,-0.573778318906091,-0.580562697737772,-0.57768970455491,-0.818096377818284,0.439592575718589,0.37077848369842
0.030459653780836,0.690464006748685,-0.722725165520133,-0.566022746861726,-0.58403797410567,-0.581822906766013,-0.823826716929391,0.426801007715653,0.373028739222924
0.0198545650296365,0.697050660041827,-0.716746938314171,-0.557039467534574,-0.587600590926833,-0.586883785047121,-0.830248654233346,0.410908655150619,0.376618174370313
0.00994598767953943,0.70577717830153,-0.708364067353652,-0.547847365730899,-0.588772675491335,-0.594314731818495,-0.836519181603622,0.393986435278559,0.380802242148994
0.00461787760299773,0.712081970908203,-0.702081150518893,-0.537326785061987,-0.590353898095395,-0.602297435706413,-0.843361489078908,0.380028343299629,0.379894534084851
-0.00686868776279214,0.717330983389328,-0.696698702021266,-0.528655958335581,-0.593996486883472,-0.606375338619886,-0.848808399372147,0.36414891712017,0.383301274868088
-0.0079420805465727,0.719960735580582,-0.693969352766287,-0.521684130412896,-0.59504698369307,-0.611363030672545,-0.853101747408791,0.357177303898282,0.38031800134627
-0.00665496854237606,0.720452211387265,-0.69347265447233,-0.512900888731755,-0.597777829669939,-0.616112282537261,-0.858422034742746,0.35158253293117,0.373498772161069
-0.0131157969359287,0.719242627941822,-0.694635169007499,-0.517218727194083,-0.599418220446182,-0.610886720462039,-0.855752747065686,0.35126605180187,0.379867604226864
-0.0134896116057698,0.719248720956139,-0.694621701202665,-0.518640494797729,-0.598963408800855,-0.610126931116491,-0.854885996805827,0.352028567478008,0.381111296270117
-0.0218761288825814,0.716826482246941,-0.69690833639338,-0.519077115180735,-0.603900381409534,-0.604866330546729,-0.854447414110873,0.348517034996707,0.385299225065852
-0.0226847552543512,0.713626691779863,-0.700158801029009,-0.52103827439998,-0.606144481035626,-0.600922611257343,-0.853231808179548,0.351177751130935,0.385577059251815
-0.023851571578711,0.710973495046368,-0.702814194417541,-0.524526480378865,-0.6073773968644,-0.596627747560893,-0.851059970809687,0.354414146331347,0.387411330455934
-0.0287633321183939,0.710516801859233,-0.703092131232582,-0.526326547102381,-0.608744874933641,-0.593641342105913,-0.849795879338522,0.352980950644298,0.391473385993884
-0.0315299589672077,0.707006520784235,-0.706503815457565,-0.530179411695999,-0.611046164109725,-0.587820020704022,-0.847299034049497,0.356039836107369,0.39410656173607
-0.032168759876896,0.703814241777903,-0.709655327577112,-0.534908102538644,-0.611904293676423,-0.582620337114029,-0.84429763278508,0.360858211006695,0.396160142900011
-0.032668401496359,0.699261284906166,-0.714119339448982,-0.538833082927344,-0.614094922871865,-0.576668305394021,-0.841778880874714,0.365952293522497,0.396846613414979
-0.0276544691609364,0.69462642875744,-0.71883889349917,-0.545855814565932,-0.612926334693895,-0.571281662530201,-0.837422629285828,0.376583898634013,0.396116027509135
-0.0279186369494233,0.694351031699262,-0.719094704812278,-0.548159813233059,-0.612200106516622,-0.569852479802742,-0.835907512149032,0.378269314588439,0.397707124368685
-0.0279916441546298,0.69205758562526,-0.72129935951452,-0.548235222293196,-0.614003530493678,-0.567836072804845,-0.835855614860994,0.379547049415267,0.396597312630223
-0.0252800436217013,0.689487130312148,-0.723856627052902,-0.543352700779429,-0.617270595039964,-0.568985812700729,-0.839123806091917,0.378925467121078,0.390239321976767
-0.0229755402696169,0.686006763938663,-0.7272323180248,-0.547131558336079,-0.617447487099218,-0.565159852207846,-0.836731248622909,0.384906898490096,0.389522139387073
-0.0201961721880221,0.68304243298188,-0.730099410611422,-0.550042893100716,-0.617393860040533,-0.562385666010119,-0.834892166916391,0.390227954317018,0.388171628653111
-0.0174308768408033,0.681321920583722,-0.73177633540903,-0.549130438525018,-0.618148584023225,-0.562448299451072,-0.83555486116585,0.39203669292834,0.384909476864273
-0.0151343501866724,0.682046759102511,-0.731151947164328,-0.548316717545643,-0.617142118815665,-0.564344205643757,-0.836133798326798,0.392361852862218,0.383317685104834
-0.0124560243459573,0.682829802375376,-0.730471292006399,-0.543431008067506,-0.617847346718189,-0.568284607942208,-0.839361416154107,0.38988218366745,0.378766809436193
-0.00855878479123235,0.683245885185528,-0.730138211286015,-0.539830007401208,-0.617781682065314,-0.571777366125805,-0.841730544956109,0.389256796577266,0.374124091721312
-0.00391126209222625,0.684010875726253,-0.729461324483382,-0.53632702259864,-0.617110534552417,-0.575784606406691,-0.844001200745191,0.388977775756707,0.369267197443858
0.00110618976754443,0.685279633088247,-0.728279205263089,-0.536707025548759,-0.614092549480728,-0.578650075087581,-0.843767945036313,0.391512662817817,0.367115090649377
0.00691358936963412,0.685312973359123,-0.728215854556674,-0.533854822670578,-0.613241299768507,-0.582180501708532,-0.845547887817948,0.392786502828077,0.361617937335381
0.00972942549196718,0.685005301510267,-0.728473112189067,-0.529938042731294,-0.614257292918788,-0.584682519802163,-0.847980547622244,0.39173424026872,0.35703399817856
0.0133175722563306,0.679925347660526,-0.733160394373503,-0.539032678679647,-0.612680446338876,-0.577984811209984,-0.842179561367196,0.402894765767326,0.358342565337485
0.018749381309027,0.673029132427005,-0.739378284510088,-0.540463978872817,-0.615330383267279,-0.573818095714231,-0.841158218316562,0.410366063817046,0.352210938821911
0.0263821076198901,0.668504033120064,-0.743240433574318,-0.549633442549992,-0.611329638982157,-0.569367325487325,-0.834989259348991,0.423530908204057,0.351304008755479
0.0311973520132877,0.664279473683077,-0.746832984053793,-0.553839037828296,-0.61051080273421,-0.566161531651752,-0.832039088868297,0.43128800190611,0.348857584132908
0.0362350271370158,0.659132720257478,-0.751153166733894,-0.550534970764468,-0.614138317656497,-0.565460319342935,-0.834025340606474,0.434025556703779,0.340622294270691
0.0398865197877058,0.656349461236549,-0.753401918151073,-0.566315745417528,-0.60635634094168,-0.558227968030989,-0.823222656412841,0.44892913976964,0.347515590203198
0.0438014551427564,0.650550918921301,-0.75819847956721,-0.558571406855437,-0.61327520064941,-0.558472480711416,-0.828299110207728,0.447969898719855,0.336516795821559
0.0466158305131318,0.647460637822337,-0.760671865403383,-0.563386445590716,-0.611786360125125,-0.555259545158397,-0.824877371049921,0.454436103358374,0.336251618128786
0.0507326044197636,0.644458669601179,-0.762954275186047,-0.56686107270409,-0.610376421651256,-0.553271315129365,-0.822249796048352,0.460557973623394,0.334352547216791
0.0548265781632614,0.639317529220442,-0.766985751600626,-0.569532490148453,-0.610907710262802,-0.549931370451589,-0.820138274312454,0.46697416028398,0.330618125085212
0.0569632876593147,0.634253543252129,-0.771023752378072,-0.572971613934611,-0.611667572977087,-0.545496388433037,-0.817593244519675,0.472847991473412,0.328566680409549
0.0574592623169295,0.629469492194292,-0.774897794273964,-0.579258094511976,-0.611148854526059,-0.539404428563431,-0.813116531080477,0.479859600308409,0.329509136254983
0.0564109910251617,0.628154316005507,-0.776041207266221,-0.58423552335132,-0.609536887899451,-0.535848519214396,-0.809621302428468,0.48361858687762,0.332605485644067
0.0540771487638232,0.623408109777884,-0.780024352597239,-0.59162722693373,-0.609285190503741,-0.527966647605249,-0.80439597607912,0.490034575612768,0.335876805349422
0.052920383093958,0.614833013859634,-0.786879786321563,-0.598793704175475,-0.611065609958413,-0.517730547839286,-0.799153009687759,0.498577160923394,0.335820311643839
0.054461826325189,0.60671720020042,-0.793049902877675,-0.606613063856658,-0.610758615457389,-0.508915026701916,-0.793129560810694,0.50879087317437,0.334779550066456
0.0576564424887358,0.598801045514794,-0.798819781008165,-0.612204416313872,-0.61083938313064,-0.502076688029199,-0.78859462798407,0.51798895346037,0.331369818794194
0.0584720582416074,0.597803599015935,-0.799507270391324,-0.620248788014557,-0.605783275665801,-0.498315225424716,-0.782222768379611,0.525030932352759,0.335365562783852
0.0616915384162296,0.593108662285868,-0.802755422784117,-0.626441708714118,-0.603133594284378,-0.493761737104995,-0.777023126857351,0.533340399901484,0.334339764553591
0.0669268845308714,0.583580435031357,-0.809292696109142,-0.638112847217492,-0.598508527858573,-0.484354762851104,-0.767028543369135,0.548836421831839,0.332333861843549
0.0698267997321118,0.573462976377631,-0.816250226807491,-0.646272778455862,-0.597306264603049,-0.474928123080633,-0.759905068983036,0.560683012931603,0.328905526167967
0.073535127717492,0.565822859035652,-0.821241180886768,-0.652806873611258,-0.595228912058428,-0.468557070179968,-0.753946795707407,0.570567291774126,0.325602817555487
0.077632003300428,0.560559494019847,-0.824467298155466,-0.65930401924318,-0.591457793461486,-0.464215347401891,-0.747857929204037,0.579612570790077,0.323663074058143
0.0818928677168738,0.553880138849454,-0.828559201267608,-0.666851042780991,-0.587386896853647,-0.458569863975543,-0.740677558023066,0.590079168580583,0.321252750724778
0.0842459181385587,0.548202860508678,-0.832091490767148,-0.676453742265529,-0.581687657702531,-0.451718721608376,-0.731650845589584,0.600926861279013,0.321829065718745
0.0866396054574856,0.540433557015476,-0.836914063221411,-0.684449944051486,-0.578128390973269,-0.444179960870116,-0.723893536961126,0.611309360309704,0.319810902165093
0.0908741882727651,0.531014231821034,-0.842475974440389,-0.69088588564217,-0.575663732161772,-0.437364791100078,-0.717229792274555,0.621799930103805,0.314557263462
0.0937575898021549,0.526830736049276,-0.84478333903331,-0.698652918651409,-0.569695526943744,-0.432817635777654,-0.709290923115726,0.630790283798085,0.314658551848783
0.0950282456252805,0.521048025780359,-0.848220836435755,-0.705697608137443,-0.565712058583615,-0.426568579061071,-0.70211147149329,0.639123479152096,0.313943721061669
0.0988698746017884,0.51333915920614,-0.852471498363294,-0.715216934810677,-0.558966854568858,-0.419548318615886,-0.69187389317436,0.651182741723804,0.311883877147927
0.101064807203955,0.505802184965238,-0.856708850444081,-0.722356305245194,-0.554811972168896,-0.412777232669841,-0.684095953077738,0.660566291315603,0.30929743251474
0.104757275293712,0.496031115844063,-0.861962322487202,-0.729063222930851,-0.551180361229196,-0.405791851033179,-0.676382088942868,0.670934677528109,0.303897891153484
0.109715951840554,0.491599862338151,-0.863881927847106,-0.735939058565884,-0.544013292209737,-0.403042479121349,-0.668098878901081,0.679984641920855,0.302100603711552
0.114952326961485,0.488402282284026,-0.865013972826968,-0.736521393701649,-0.542413637622662,-0.404133248249549,-0.666574976387443,0.683557354126708,0.297367019814529
0.119299395277599,0.483305823513536,-0.867284921605526,-0.741814542232425,-0.537202475842678,-0.401403394207118,-0.659908205145911,0.691251749297172,0.294435357718298
0.124233414413771,0.479865000365037,-0.868501951735147,-0.745516461702545,-0.532474549685725,-0.40084418327762,-0.654806279806184,0.697280743575819,0.29159612577114
0.126105982150489,0.474574507678737,-0.871135074444454,-0.747803420840449,-0.531534590512347,-0.397820339937758,-0.651833817046325,0.701605313370955,0.287858748702315
0.128119899829075,0.474151611236849,-0.871071490079481,-0.748988840371572,-0.529455232512045,-0.398362741436074,-0.650077694023288,0.703461019763793,0.287300514107178
0.133747679511329,0.470835192744132,-0.872023955805648,-0.751008623512776,-0.525970201790132,-0.399175893859203,-0.646604674924935,0.708286360240294,0.283253996022608
0.13816614516854,0.46914480449519,-0.872246105605772,-0.753312382924784,-0.521976561969495,-0.400076145860622,-0.642985668628353,0.712350771158195,0.281293101175401
0.141465091512241,0.467932389732862,-0.872368561172585,-0.754150178175458,-0.519918991583598,-0.401175461548459,-0.641283975038639,0.714649229223391,0.27934090736778
0.145529492047097,0.464222568812309,-0.873681047951605,-0.757539135663303,-0.51572124166776,-0.400207519708413,-0.636361237728233,0.720089582967262,0.276614113195668
0.14647760610535,0.459396336796429,-0.876070383386899,-0.761626805372844,-0.512765013793643,-0.396228027740038,-0.631243946701433,0.725277220355932,0.274779972679182
0.147693510459236,0.453416051563348,-0.878976968499705,-0.763549374596904,-0.512602886692076,-0.392722081258016,-0.628632626834549,0.729144817398885,0.270497422796301
0.149821505904707,0.448835904015702,-0.880965293093237,-0.767003402577491,-0.509499066492512,-0.390021129783772,-0.623906480815031,0.73413693035405,0.267924748180037
0.151591862561489,0.443975286572491,-0.883122784282012,-0.767630056646205,-0.509982341069267,-0.388152171101559,-0.622706996378299,0.736752303498526,0.263499601424998
0.154805042028516,0.44149391957195,-0.883809095870565,-0.770941244904754,-0.505445540802337,-0.387523421469905,-0.617806600699003,0.741355464176282,0.262120353785646
0.156882470926348,0.437998529592175,-0.885180873263276,-0.773436193228171,-0.502867309718814,-0.385902738809764,-0.614153356516724,0.745172300136858,0.259872849270535
0.158905933946775,0.43194787562586,-0.887789353900355,-0.777629604318313,-0.499282833433292,-0.382111045020381,-0.608310038257012,0.751090996471885,0.256556450658764
0.159582941283163,0.425905543697777,-0.890582816305657,-0.782198450622769,-0.495811732717343,-0.377274846157502,-0.602244857757005,0.756819128687513,0.254019561762314
0.161814540844604,0.41833907575328,-0.893760858434258,-0.784849597758343,-0.494453380875676,-0.373533081586063,-0.598186562261154,0.761910934321398,0.248323508536099
0.162499145060591,0.410838750155703,-0.897109552521361,-0.789806998094454,-0.490816935311875,-0.367836433448463,-0.59143802178724,0.768316508596267,0.244725987591915
0.162762948311845,0.404170801975562,-0.900085654528093,-0.792627976386451,-0.489702273616794,-0.363225239024029,-0.587579027626375,0.772552681727902,0.240651699035496
0.161407535731859,0.39680987736308,-0.903598101279582,-0.795454388461353,-0.489621077323712,-0.357104349620586,-0.584123208994937,0.776410408139577,0.236615626800075
0.161049890084538,0.390845856153541,-0.906257385973413,-0.797881901328118,-0.488904466670657,-0.352642728554705,-0.58090223311396,0.779879438885964,0.233110824214855
0.15863904263086,0.386131680083927,-0.908700159452351,-0.800991706607849,-0.487779945628084,-0.347106627116956,-0.577274579466834,0.782925954531224,0.231907329816808
0.156531424609333,0.384146609587068,-0.909906201458443,-0.802995333610205,-0.48689764498354,-0.343699254450339,-0.575062089960735,0.784450167730394,0.232253152912394
0.156572417571552,0.377057460103137,-0.91285965506006,-0.806454429606505,-0.484776985128981,-0.338559489096528,-0.57018973247845,0.789188790131884,0.22817695437166
0.150404973291583,0.374249567775076,-0.915049509605533,-0.809764943359629,-0.484346151670049,-0.331194115086896,-0.567149962985925,0.790788256350954,0.230206110045935
0.149934085056959,0.370176847345052,-0.916781801645196,-0.812173332165629,-0.482674216732225,-0.327719512725307,-0.563821114057564,0.793722056006768,0.228278446532468
0.151065694295914,0.363053839912775,-0.919440626322049,-0.81282331841639,-0.483719456753468,-0.324551598666065,-0.562581024427115,0.79637139356127,0.22202521134281
0.151236752190707,0.362560159615668,-0.919607294145859,-0.814326876228076,-0.481673326845063,-0.323824867572942,-0.560356300436991,0.797835156448668,0.222395772655639
0.157111226332606,0.358567117769065,-0.92018785289475,-0.813359417629008,-0.481503573095599,-0.3264977287063,-0.560145088628354,0.799739914691618,0.215994325236977
0.160471750874172,0.356835558684749,-0.920281044697499,-0.814192576924088,-0.479214446940635,-0.327786457202085,-0.557977835449663,0.801886461976709,0.213632481718921
0.16036827856919,0.354647595479406,-0.921144450262515,-0.815194983921506,-0.478600768287728,-0.326187741620699,-0.556542139840255,0.803222501935218,0.21235455956244
0.16386658336176,0.349581555546973,-0.922464351006966,-0.814526599758604,-0.479570608081331,-0.326432918300514,-0.556501717106992,0.804863198242944,0.20615787875099
0.159539277194049,0.350899934638556,-0.922722306494786,-0.815891386629625,-0.479336509798091,-0.323353916936493,-0.555759358226191,0.804428832306029,0.209823233934591
0.162427194497482,0.349282836436468,-0.922832003486319,-0.816314098274798,-0.477820114521221,-0.324529245395126,-0.554300188927877,0.806033149646975,0.207513522992352
0.164133783276289,0.350041766752059,-0.922242301521953,-0.815751726283443,-0.477494631025417,-0.326416908887213,-0.554625298965882,0.805896791699159,0.207174175214981
0.159258787005564,0.361630486475366,-0.918618544344227,-0.815702195830223,-0.475952925643865,-0.328783728747027,-0.556117403503316,0.801680861579366,0.219183096287316
0.161008210568736,0.357537294844648,-0.919914908523949,-0.815674157746247,-0.476553487656466,-0.327982380300237,-0.555654591013522,0.803158674358703,0.214904907547422
0.158406933749935,0.360289369525316,-0.919292561455271,-0.81641155341239,-0.475846603796791,-0.327173020143513,-0.555319204417344,0.802347543064793,0.218767002409364
0.160004380750865,0.35694644889598,-0.920319417789868,-0.816713792687803,-0.475775421587177,-0.326521559850263,-0.554416070270368,0.803882442173041,0.215396936356741
0.159721612237898,0.358521039286112,-0.919756310646104,-0.81675675601364,-0.475299420955545,-0.327106805104081,-0.554434313593776,0.803463206891598,0.216908891199204
0.160832417498514,0.357957556694025,-0.919782213943729,-0.816805956580512,-0.474855301604451,-0.327628557718556,-0.55404057863678,0.803976884085476,0.216009738391656
0.16071159367496,0.357586110469388,-0.919947801376703,-0.815695897181341,-0.476657463831824,-0.327777158287364,-0.55570854499457,0.803075236682584,0.215077142549437
0.158659202403399,0.359559863456718,-0.919534644308578,-0.816414432078588,-0.475972268177179,-0.326982988884847,-0.555242949155155,0.802600214625724,0.218032481287143
0.159661685048392,0.357647269292801,-0.920106829175238,-0.815924149793833,-0.476845692697756,-0.326934193896582,-0.555676099999558,0.802936246611772,0.215679057319623
0.157970379539676,0.358014361052656,-0.92025598420665,-0.817357474863761,-0.475508367205211,-0.325297634485973,-0.554050645223365,0.803565498262521,0.217509476873263
0.156144525234551,0.358670738654629,-0.920312006045895,-0.817461668860709,-0.47605956487858,-0.324227868375131,-0.554414382193266,0.802946194910069,0.218865485850784
0.154968865637461,0.357825188494017,-0.920839717411374,-0.817620402110859,-0.476725217743705,-0.322846627393403,-0.554510170091691,0.802928515651573,0.218687608287359
0.155962984097512,0.354906563237112,-0.921800889000776,-0.821676229131262,-0.47131446062873,-0.320485340823695,-0.548200439686096,0.807405728598374,0.21811067684664
0.154431447980321,0.358019908204477,-0.920854317036066,-0.823431746334506,-0.468426699659713,-0.320213344778782,-0.545995500900151,0.807711688893485,0.22246514473424
0.152201672995565,0.358217446251446,-0.921148691546833,-0.823561083862988,-0.469310062622566,-0.318583123011285,-0.546426382858452,0.807111099119753,0.223584171608665
0.150185720598429,0.360438386197244,-0.920613066974316,-0.823714256187176,-0.469344696497668,-0.318135788655599,-0.546753210765459,0.806101560366334,0.226409365735216
0.14814847544671,0.359910307857251,-0.921149607567041,-0.82101813381927,-0.474508869464103,-0.317443785164906,-0.551344949340011,0.803309344585259,0.22519512370223
0.144679941505609,0.36523336942154,-0.919604426037045,-0.82071167540727,-0.474856134026246,-0.317716851658581,-0.552720598834643,0.800697344718113,0.231049132838098
0.142799469744358,0.365088627557936,-0.919955762778077,-0.822506920564458,-0.473238603752528,-0.315479935244589,-0.550536717271703,0.801720348966035,0.232709701107361
0.140052458923561,0.368770840481241,-0.918908796323239,-0.826351737975036,-0.467724728059821,-0.313650097890953,-0.545461377088334,0.8032693483335,0.239228426682056
0.135920037488664,0.372565974442293,-0.917998005497259,-0.822432906373738,-0.474202086790952,-0.314223639143768,-0.552385606187133,0.797701056518651,0.24195695176271
0.13149696310397,0.374875007299948,-0.917702172600837,-0.822314106605953,-0.475759676584507,-0.312173413687104,-0.553631699572276,0.795689298054253,0.245704054078567
0.126712910495501,0.38109822979601,-0.915810011716462,-0.821644799596149,-0.47692993097555,-0.312150066852887,-0.555737043582991,0.792023977027214,0.252694198990859
0.121541214216785,0.389511661767843,-0.912966811331914,-0.820375831942979,-0.478356508654044,-0.313302641214814,-0.558758648801586,0.787055090813322,0.261405922683972
0.118238567674751,0.397971849828967,-0.909746144733757,-0.82129310690156,-0.47575170175068,-0.314861796408067,-0.558119408075195,0.784397045522892,0.270599337221567
0.114332674551461,0.405393278809726,-0.906964348266132,-0.805198182845645,-0.496919111110912,-0.323615950402343,-0.581879648958426,0.767285922266687,0.269607840426384
0.111297241364664,0.416814320466731,-0.902152285547442,-0.813208792265616,-0.483602413173146,-0.323759426356993,-0.5712305876321,0.769671701589039,0.285133455642298
0.1086320685385,0.428412255975611,-0.897029549465866,-0.82103129323924,-0.470079343228639,-0.323933676223439,-0.560452218486953,0.771678916389206,0.30067417713105
0.110231668661382,0.436810731367917,-0.892773971498919,-0.829446981417804,-0.454467844558818,-0.324771740271463,-0.547600843900938,0.776308806612348,0.312214593725362
