X1,X2,X3,Y1,Y2,Y3,Z1,Z2,Z3
0.685432542340992,-0.390923485608536,-0.614297206814125,-0.538657528632214,-0.839892587270199,-0.0665470412295493,-0.489928869069581,0.37650932292341,-0.786263590028151
0.689715216445071,-0.39827788044516,-0.604704597429389,-0.53826538268841,-0.840616964522984,-0.0602784933078392,-0.484317352573113,0.36706654560757,-0.794165507367512
0.6904194102128,-0.403529747284216,-0.600403848303912,-0.545849946301755,-0.835254607513426,-0.0663142273570541,-0.474730317257895,0.373515038096632,-0.796942684383193
0.692832218328192,-0.407214832663859,-0.59511309623044,-0.546918387674168,-0.834609470967418,-0.0656300860533899,-0.469961481900724,0.370948933183575,-0.800957610925599
0.694221948899713,-0.410280149171972,-0.591376432453398,-0.552541856045735,-0.830318813856552,-0.0725821236488929,-0.461251973419538,0.37714833494432,-0.803122500285796
0.696300599326547,-0.410809437524683,-0.588558477483882,-0.555155108081835,-0.828001516929144,-0.0788434774327084,-0.45493766754154,0.381640005769429,-0.804600910171107
0.696318009319521,-0.415750010420027,-0.585058252427095,-0.560100579829407,-0.824482000017607,-0.0807265267537815,-0.44880794374884,0.383902800826868,-0.806963486872376
0.697133715916912,-0.415428152590111,-0.584315011074887,-0.552998789750558,-0.830280875376079,-0.0694694646528178,-0.456286007528497,0.371554999993674,-0.808548057516314
0.697254682021929,-0.419706410851995,-0.581104497563248,-0.555452302788652,-0.828772480734686,-0.0678889866153488,-0.453109973102869,0.370111745107625,-0.810992384926089
0.699665207200222,-0.416388838005409,-0.580593604355039,-0.554650175144974,-0.828785254066022,-0.0740147678127035,-0.450368494729727,0.373811902201126,-0.810822348438704
0.699255478404487,-0.41970123104565,-0.578699103662757,-0.558500854812973,-0.826036415867358,-0.0757669772010663,-0.446227039851341,0.376184417965145,-0.81201398546191
0.702787507039917,-0.409154334256181,-0.581964303637259,-0.557214401345323,-0.825171753497867,-0.0927560680636524,-0.442268957628717,0.389466696892862,-0.807907086940925
0.696307598941107,-0.414528503911928,-0.585936726192692,-0.562232863638756,-0.822466388484394,-0.0862742537377302,-0.446150125744053,0.38950630194899,-0.805751143989624
0.697945136448447,-0.410283548949914,-0.58697529417261,-0.560138930875057,-0.823444290728421,-0.090464789752228,-0.446225239790519,0.391927173755317,-0.804534726314572
0.692765127074882,-0.41816920138068,-0.587546591961495,-0.566625772603928,-0.819603225323846,-0.0847690206369634,-0.446107288138093,0.391644062964566,-0.804737979353953
0.690799071747809,-0.430466309797088,-0.580943541664802,-0.560238121741681,-0.826589516301842,-0.0536937471894181,-0.45708849189158,0.36255830933736,-0.812170907451576
0.683894019114395,-0.439429656395239,-0.582400676252974,-0.576740123960995,-0.814519489013338,-0.0626803911196119,-0.446833078490184,0.378760582819561,-0.810481721489863
0.674275656527657,-0.445999115944707,-0.588589099109674,-0.578634120183826,-0.81429783189843,-0.0458431666075306,-0.458840815504993,0.371488666774716,-0.807131511269791
0.670480201428154,-0.448151314996522,-0.59128394055627,-0.571917686093979,-0.819862511206811,-0.0271223717725949,-0.472616609765009,0.356350756396771,-0.806007244750119
0.66472435813575,-0.447956608760108,-0.597893305171716,-0.573572544323444,-0.81879656821059,-0.0242222270836435,-0.478702479729682,0.359036288632087,-0.801209635080576
0.659113900537053,-0.44166779237388,-0.608685819859814,-0.567665990663455,-0.823073663486789,-0.0174661821390501,-0.493279017557923,0.357042442370679,-0.793219077672159
0.669945697137799,-0.423933826023794,-0.609469338063349,-0.542062355246247,-0.840261176432011,-0.0113823725990396,-0.507288050235209,0.337995956386936,-0.792727927825581
0.657217250001797,-0.442425190955264,-0.610184756207719,-0.549926945693897,-0.835108518968046,0.0131953001776297,-0.515408421254307,0.326884860394596,-0.792149258249321
0.655659624190754,-0.443109912625421,-0.611362464123478,-0.552707650990083,-0.833299776641184,0.0112131524014555,-0.514416863781763,0.330552700159665,-0.791271257328415
0.651268865444133,-0.453189707180866,-0.608660787473969,-0.551731302389616,-0.833474085156349,0.0302244823983068,-0.521000417338191,0.316132944626321,-0.79285466918933
0.649788041520818,-0.449025424554576,-0.613312048797448,-0.555441926094975,-0.831311078635665,0.020153343978375,-0.51890246466214,0.327563823767506,-0.789583544361435
0.659228169715357,-0.453838882871844,-0.599540231049908,-0.547481618564068,-0.836242188370325,0.0310303033191341,-0.515443593022756,0.307781206026694,-0.79974285344012
0.661065152040119,-0.464374544048641,-0.589363340900833,-0.571249480198961,-0.820754940266369,0.00594637711253432,-0.486484219816626,0.332742559447939,-0.807846206280282
0.667687932751801,-0.46933487961245,-0.577856033313483,-0.593027007793319,-0.804556080118544,-0.0317566051709816,-0.450013102570724,0.363887736429039,-0.815520645226852
0.687313156305916,-0.45231682668397,-0.568339786982526,-0.583233198378325,-0.810037346524903,-0.0606509154447315,-0.432943023362415,0.373160803854636,-0.820555514872926
0.694503435679401,-0.448721082716301,-0.562418320963515,-0.583663011279445,-0.808458204289233,-0.0757153959352984,-0.420716611383148,0.380847373423185,-0.823378898844841
0.704819194507257,-0.440227466720572,-0.556264038563459,-0.583726758233067,-0.805499713442323,-0.102143445051806,-0.403104173603867,0.396698864617891,-0.824704211238199
0.706926593263452,-0.449732070608916,-0.545889967303619,-0.598174458243253,-0.792002864120036,-0.122142460803156,-0.377415035792588,0.412883189160659,-0.828906124278379
0.717233330400475,-0.41531896383387,-0.559541337206291,-0.568618830840026,-0.812981438834889,-0.125434466252607,-0.402801408856481,0.408131520946269,-0.819255568570223
0.724354439032466,-0.411351872869375,-0.55326330380825,-0.560769827503969,-0.818370964650548,-0.125722570678856,-0.401058408732606,0.401321069598631,-0.8234643598123
0.72825353974544,-0.407071699512008,-0.551307004585142,-0.553847422355618,-0.823386959455415,-0.123640396913004,-0.403608491732117,0.395381520123504,-0.825090079292287
0.729532234741225,-0.403393633056089,-0.552319015862467,-0.551385287383598,-0.824683756190529,-0.125980026720057,-0.404668979945809,0.396447069714595,-0.82405869789981
0.727130224090788,-0.402937949123313,-0.555808102108974,-0.556159086637254,-0.820390500009069,-0.132840121370333,-0.402453360732019,0.40570979363477,-0.820628329869458
0.725158220409811,-0.400995552042232,-0.559775064302102,-0.555553474314012,-0.821006866979822,-0.131560106223766,-0.406824154334163,0.406386874313534,-0.818134350724849
0.720428105019709,-0.407854526687011,-0.560926047316958,-0.556965839537895,-0.822177612956792,-0.117528831954199,-0.413246172499588,0.397087720552506,-0.819480898557651
0.715178639304128,-0.419653636442312,-0.558936793657244,-0.557940751457978,-0.824435425601126,-0.0949123115111897,-0.420976996694122,0.379732872470418,-0.823760471144229
0.711536299709216,-0.416377769076992,-0.565990854709318,-0.567543568066571,-0.815472015575218,-0.113576802913081,-0.414258847271102,0.402038487252351,-0.816550465204362
0.705908763102826,-0.416106475615626,-0.573191258765677,-0.571254283650544,-0.812901609021191,-0.113399812441033,-0.418761700237189,0.407487883257283,-0.811536975998603
0.780320292247532,-0.296172140029315,-0.550801511415122,-0.46347946530233,-0.865192206601411,-0.191387645576321,-0.419865486495131,0.404628853527078,-0.812396740603733
0.769149589046025,-0.311117545335863,-0.558224670410148,-0.484691415066637,-0.853293231010528,-0.192262565447137,-0.416513075222174,0.418445378628802,-0.8071061412684
0.767965228200687,-0.296070896917043,-0.567953723707666,-0.477803973060331,-0.855355310856706,-0.200176560858133,-0.426535779979158,0.425099183941777,-0.798346987349239
0.769130274141678,-0.28930118488018,-0.5698626552299,-0.468650177337843,-0.861561282194219,-0.195138843660258,-0.434517701227414,0.41715342675181,-0.798233916762039
0.767088222396679,-0.288248304242166,-0.573139227554544,-0.465595953882242,-0.864744649027639,-0.188247442762315,-0.441357074021465,0.411253701599854,-0.797542679818221
0.766205192309463,-0.299222753227357,-0.568678597477573,-0.474165987187694,-0.860549605555948,-0.186067173278418,-0.433700610873835,0.412213682849735,-0.801238828189898
0.765252257825614,-0.311987804713481,-0.563074232764084,-0.475935654411094,-0.863176504607975,-0.168557333726667,-0.433444615554379,0.396975983659996,-0.809033889057866
0.772042822035813,-0.296440695343527,-0.562203517498089,-0.475191290226595,-0.856650514752532,-0.200856001321856,-0.422070039964651,0.422223648933201,-0.802236917403937
0.775830017850092,-0.304103178365503,-0.552819175057021,-0.469494189787897,-0.863585018827183,-0.183837213350996,-0.42150087681775,0.402171819208225,-0.812769855910401
0.781075519440815,-0.305172146376275,-0.544785273301655,-0.475410522627577,-0.856270641976902,-0.201954011258599,-0.404852896624485,0.416737985747114,-0.813894086064153
0.788472327583528,-0.311525597834963,-0.530342521893712,-0.478084586789111,-0.852891951402184,-0.209786670472794,-0.38697095047264,0.418959569799932,-0.821417288814496
0.795605285422728,-0.299941849053709,-0.526352654589735,-0.474712411213777,-0.84844768873143,-0.234061201667206,-0.376377943624518,0.436086466967889,-0.817415583947629
0.80482095594893,-0.281579087339972,-0.522471479066789,-0.443754089769502,-0.870060330506518,-0.21465630457019,-0.394138981424435,0.404608747868453,-0.825194658532174
0.807844133174672,-0.275529156318445,-0.521029308689741,-0.447686639481252,-0.861831242809909,-0.238376974027926,-0.383359530108809,0.425829300230941,-0.81957603536193
0.812743482197768,-0.264577249271787,-0.519082759598911,-0.439013927917145,-0.863840196238603,-0.247076681330334,-0.383033684210417,0.428694523559873,-0.818233586593687
0.805826433575807,-0.271398880213621,-0.526294980756314,-0.446480522568035,-0.862297576112001,-0.238951947467982,-0.388971595258407,0.427534253657131,-0.816036494301554
0.814254750013436,-0.250196293060114,-0.523823459783478,-0.429847202807553,-0.866324788295772,-0.254386995388539,-0.390154564652368,0.432299868289667,-0.812955250648926
0.814021937673625,-0.246353301144277,-0.526002220528958,-0.420979147463357,-0.874172249740309,-0.242073202120746,-0.400181012027186,0.418488863411303,-0.815304991284619
0.811354538392018,-0.252812364775932,-0.527057607142783,-0.433692763284547,-0.864879122050448,-0.252773992562249,-0.391936729722144,0.433670396104746,-0.81136649390831
0.809220714015837,-0.250753953957554,-0.531304329534733,-0.433785576175782,-0.864916642125988,-0.252486189870557,-0.396222046218461,0.434789209558101,-0.808681911101205
0.802244137005634,-0.261862902041452,-0.536499920945487,-0.441187768580818,-0.865475809512979,-0.237286695797577,-0.402191120606564,0.42705906345877,-0.809853603327759
0.798047539117592,-0.26573670178974,-0.540836510075148,-0.44814116421561,-0.861738315047805,-0.237858305118925,-0.402851861412893,0.432193338334224,-0.806795696602112
0.79629975815283,-0.262668836614714,-0.544896116188414,-0.449367475311913,-0.859893472597389,-0.242181931440397,-0.404938967373532,0.437708005473828,-0.802767796219169
0.792299811212949,-0.26640981255288,-0.548896001923374,-0.453498784734379,-0.858977552425599,-0.237689748776359,-0.408166462851085,0.437245212900572,-0.801384278857008
0.787220915615183,-0.274009759182156,-0.55245079590035,-0.465300892225083,-0.851845479656609,-0.240529329777353,-0.404695329491871,0.446405567462525,-0.798087563883768
0.780503196637445,-0.277321113052785,-0.56027471859249,-0.472163407889632,-0.848892286953278,-0.237578621515665,-0.409727319431812,0.449972094030728,-0.793504025386653
0.774567621853873,-0.277940274179323,-0.568149806974146,-0.470578728294324,-0.853440529971563,-0.224042233248006,-0.422611712630558,0.440895073448298,-0.791840182458864
0.775417764947597,-0.275706335926077,-0.568078609114875,-0.470241460148972,-0.852550485721348,-0.228102254380041,-0.421426457357195,0.444008654900455,-0.790731342121237
0.769674157491494,-0.287800308240276,-0.56988829946452,-0.478105139832022,-0.851390923261136,-0.215752105562734,-0.423104202952373,0.43852534518013,-0.792892398171836
0.769145985155004,-0.286451693656992,-0.571279161812313,-0.481711373844381,-0.847296343213652,-0.223703060072347,-0.419962624323758,0.447251980406811,-0.789681619510856
0.770714256773867,-0.297657445606544,-0.563382267630507,-0.492733554453824,-0.839020421837468,-0.230777763345988,-0.403996508302739,0.455461059602974,-0.793310812017919
0.775641845578592,-0.306907275553129,-0.551532094805,-0.490484159110496,-0.843050361856047,-0.220661226852516,-0.397246796147062,0.441671836986403,-0.804438295560294
0.78136383195073,-0.294498950577621,-0.550218983885463,-0.486531832438877,-0.839613749765775,-0.241527487520411,-0.390841832641978,0.456419893642832,-0.799326930951364
0.78792174220811,-0.290147219523962,-0.543133426662593,-0.475005331135496,-0.847676325863877,-0.236251522667636,-0.391853625156887,0.444138984522224,-0.805724083591258
0.796200672611164,-0.286546356557332,-0.532874914475479,-0.476796974116319,-0.839352045056806,-0.261060893150392,-0.372463601452616,0.461930005523214,-0.804917098582376
0.796569327376774,-0.285994261640151,-0.532620492462897,-0.468945012090373,-0.8483289212947,-0.245822327973945,-0.38153359264693,0.445584249725992,-0.809868380712602
0.799646720486763,-0.282282876321218,-0.529982547024507,-0.462293477679182,-0.852679552768408,-0.24335636582172,-0.383209946256685,0.439606594612146,-0.812339940581196
0.805351153191032,-0.277190095637608,-0.523999208906166,-0.455081017403288,-0.855549834154523,-0.246851673839487,-0.3798825971969,0.437264373301304,-0.815161996285619
0.807968851740901,-0.26887075626321,-0.52430415890296,-0.451170767075951,-0.854631918338706,-0.257000434032321,-0.378987168057955,0.444199055135367,-0.811822595068811
0.811679254133279,-0.263471497430473,-0.521305628639657,-0.443334144963807,-0.858979560269091,-0.256142442693767,-0.380304646722669,0.439018091975335,-0.81402179983062
0.816359344862489,-0.24917961179018,-0.521024894917491,-0.430237219901486,-0.864222845971879,-0.260796486003372,-0.38529645036923,0.437067950744917,-0.812722739785537
0.80475441301533,-0.27179607044876,-0.527728368406479,-0.449192385121521,-0.860020671360841,-0.242055047418739,-0.3880676949724,0.43184643210366,-0.814194155713579
0.810317922133432,-0.269970441862634,-0.520096938646876,-0.44772089932115,-0.857851285360603,-0.252264084871831,-0.378061980871416,0.43727237818739,-0.816003680073764
0.804923176064986,-0.267129726460697,-0.529849403014185,-0.455824814940263,-0.850044742723367,-0.26390845657735,-0.379897905651151,0.453944539133799,-0.805985072239227
0.803933251992803,-0.269087105707508,-0.5303616274602,-0.452635718410592,-0.855296953739152,-0.252166665805485,-0.385761886089338,0.442785783948044,-0.809400096845999
0.801611061013264,-0.269107573694961,-0.533854681201916,-0.453413221681382,-0.855668509806532,-0.249495193801361,-0.389661593264847,0.442054877934266,-0.807930273989545
0.791987838905728,-0.279407985206293,-0.542850293200984,-0.466915918639403,-0.850067448286567,-0.243669567826364,-0.393376140540523,0.446448777763502,-0.803703117380366
0.800136110593311,-0.259977429462242,-0.540549665335955,-0.450744581869851,-0.855186127821446,-0.255902342108733,-0.395741742099038,0.448406537588344,-0.801448719886963
0.804187260299476,-0.250509982798154,-0.539006121384991,-0.44405051586447,-0.856019466753583,-0.264669250007267,-0.395097443338377,0.452189585303973,-0.799639036822302
0.802015154465987,-0.258784761900732,-0.538332740054774,-0.457282011779665,-0.845848159510243,-0.274652603766791,-0.384271848708231,0.466445428813614,-0.796720658844266
0.793475309861438,-0.26334961283871,-0.548674688734588,-0.459148067135508,-0.850778783752126,-0.255653111780358,-0.39947463634882,0.454777354905622,-0.795988424777033
0.782332169924555,-0.280459486529961,-0.556146430642585,-0.47833323077378,-0.842418777686469,-0.248048227848444,-0.398940717699578,0.460079427291187,-0.793204402625678
0.777097498626327,-0.283234122756385,-0.562047959995521,-0.479715670397816,-0.844634424062328,-0.237624841427982,-0.407421591479244,0.454280883810139,-0.79223514527014
0.787158909742548,-0.269780175029113,-0.554616541381687,-0.457390033365403,-0.858598940590464,-0.231521525122242,-0.413733257293778,0.43592030966473,-0.799248569239186
0.787228961628287,-0.270424509987305,-0.554203163444395,-0.459536811768844,-0.856560485914355,-0.234797897348956,-0.411213424638562,0.439516459723969,-0.798579239041897
0.796209514639701,-0.259336884561961,-0.546621248309017,-0.452510077643468,-0.854969677334948,-0.25349848218259,-0.401603085680768,0.449189526974384,-0.798087545591469
0.797313395051023,-0.264059722698255,-0.54273733326604,-0.452212349531645,-0.856907767499443,-0.247412750136669,-0.399744094394502,0.442698024445153,-0.802635108968626
0.804162977325766,-0.260963455055499,-0.53405990396589,-0.446956863043129,-0.8577784165399,-0.253861676306109,-0.391856438606289,0.442847900800939,-0.80643305257101
0.8054704959272,-0.274026719332995,-0.525477532614276,-0.453602926551527,-0.855691407242607,-0.249071476879746,-0.381394369668302,0.43897787263456,-0.813533503995106
0.811352583338579,-0.275205128437979,-0.515721943290423,-0.449708861627771,-0.857500485300066,-0.249909698658546,-0.373455385934209,0.434689607641575,-0.819497418986262
0.813841796164153,-0.281787150169282,-0.508190449355141,-0.450559832034387,-0.85828833161148,-0.245635863783624,-0.366956902882955,0.42887893608693,-0.825472888475141
0.814938511312856,-0.290687863046493,-0.501373901451451,-0.45444554980103,-0.857396955571389,-0.241556831497173,-0.359658817555228,0.424701102958749,-0.830827604320173
0.81563670157269,-0.303621345111069,-0.492494517574123,-0.461447628249422,-0.854871610035479,-0.237193205506252,-0.349002661065223,0.420723910834995,-0.837370009864875
0.815806933023062,-0.306011511006942,-0.490730071590028,-0.464060546760571,-0.852753386286025,-0.239707052708086,-0.345118612902558,0.423283140827704,-0.837689993803942
0.818264539492262,-0.3021231587991,-0.489044722215433,-0.461998069257358,-0.851866119277347,-0.246742576037916,-0.342053983183927,0.42783841779883,-0.836632153842657
0.818293067337449,-0.301927472752053,-0.489117835643956,-0.459528663703398,-0.854804366752393,-0.241128392803521,-0.345296775517001,0.422077357576308,-0.838224815332357
0.815160711339879,-0.307598706934714,-0.49081162392506,-0.464071296206215,-0.853890290801327,-0.235603911921489,-0.346627821626231,0.419826638944359,-0.838805547494374
0.81095223613312,-0.316511774835079,-0.492114587369081,-0.471367441550935,-0.851692143636254,-0.228983028877706,-0.346654302953848,0.417661093302969,-0.839874993903587
0.812910027845754,-0.308239524526605,-0.494131239801157,-0.474208524148801,-0.842871285315971,-0.254350687072828,-0.338088098359631,0.441085470072883,-0.831348330026682
0.805936513917856,-0.317015216338783,-0.499967687099485,-0.481816155206692,-0.841958520279575,-0.242814832146779,-0.343976057474608,0.436585848073781,-0.831308167375927
0.803910717515091,-0.311978199722244,-0.506356752855572,-0.482022371957781,-0.840496436914902,-0.247427105357414,-0.348399183691016,0.442984584868843,-0.826064565498371
0.804488912571855,-0.302117716495282,-0.511392681731593,-0.479033789403696,-0.839058744318949,-0.257889612414778,-0.351175480577004,0.452443708058345,-0.819738051379784
0.802360124586357,-0.299839340928266,-0.516056779923943,-0.484452874630692,-0.832208644065654,-0.269692760385711,-0.348602413554216,0.46639590732993,-0.812989061974432
0.800017680659697,-0.295445426712425,-0.522191258512236,-0.48141328520181,-0.835531689753262,-0.264817001435443,-0.358068372609312,0.463248092551682,-0.810671478025561
0.792102279012565,-0.296791213603632,-0.533375060450695,-0.483406743086663,-0.838552682380972,-0.251291304286522,-0.372682036488807,0.456885515637517,-0.807690364730938
0.787468004756528,-0.309779867693063,-0.532851363005521,-0.494205112239777,-0.833953494944203,-0.245525712108566,-0.368314333852,0.45668151029182,-0.809806489006318
0.791422349337281,-0.292197200811968,-0.536909173703625,-0.486795232204218,-0.832514401536681,-0.264480950424152,-0.369704026043401,0.47068096102527,-0.801110707739966
0.79670630003131,-0.279447699546709,-0.535880634757847,-0.482112643646219,-0.828562938057312,-0.284694321183773,-0.364453660054162,0.485172588772169,-0.79484658191203
0.799432538626074,-0.27825526952387,-0.532429921368126,-0.474836279150654,-0.835587823844179,-0.276267074849161,-0.368019189972795,0.473673931756381,-0.800121792095565
0.795155653589819,-0.295618511907437,-0.529468773377412,-0.480415027402391,-0.83989311119127,-0.252548932326804,-0.370039035792318,0.45518046661855,-0.809865331273546
0.799772792668188,-0.302084612360216,-0.518756558592666,-0.478147992790512,-0.843055919542109,-0.246234062459714,-0.362957266214816,0.444973711021435,-0.818694338200576
0.802977913532876,-0.306793445550084,-0.510983612404446,-0.48086393122875,-0.840008601581352,-0.251307439031503,-0.352131154574004,0.447507911703077,-0.822034256549889
0.810037265051811,-0.303862844940442,-0.501504736460268,-0.481251201653184,-0.833145040512684,-0.272519031218894,-0.335017775848907,0.462100327779389,-0.821112889273718
0.819799702056704,-0.297761486893003,-0.489148796820566,-0.46344004947714,-0.846733476349733,-0.261277133651843,-0.336380393376852,0.440886058922217,-0.832146449851028
0.82717960171589,-0.299917177520696,-0.475208999423581,-0.459790872366505,-0.847401566343828,-0.265523895434056,-0.323057673169343,0.438132710472577,-0.83885247083165
0.837628706706994,-0.27367920517955,-0.472734431105519,-0.434913554287484,-0.857762647718499,-0.274031823837995,-0.330497125550884,0.435135533864151,-0.837513413129225
0.840330778881005,-0.266569257668437,-0.472001073019269,-0.423812903485312,-0.865973036380539,-0.265468120687248,-0.337974562511135,0.423121177829671,-0.840679287223992
0.852884391319834,-0.252776897194787,-0.456828255789386,-0.407321427950781,-0.869521264052048,-0.279324230408794,-0.326615170154622,0.424307213709483,-0.844562560749032
0.844916577934385,-0.265750143734093,-0.464212060848227,-0.427530472212274,-0.85706443057153,-0.287503490724982,-0.321455551611104,0.441381267108617,-0.837764230188895
0.842875966143669,-0.26701386503602,-0.46718700921141,-0.428653996711781,-0.85801038652923,-0.282973369261097,-0.325293493326247,0.438773030719171,-0.837652893932278
0.836223734599711,-0.269817892434395,-0.47741823448039,-0.435824685249607,-0.855389719999598,-0.279937976427084,-0.332846375102978,0.442161431878982,-0.832890484241197
0.83154382948895,-0.272266291685823,-0.484154857509974,-0.442672704959374,-0.851335983604013,-0.281545590100322,-0.335523078077803,0.448439638560908,-0.828448039797644
0.828359707047403,-0.272881878887473,-0.489239896078787,-0.441963784549241,-0.854980486837704,-0.271433933533879,-0.344221162753327,0.441071249688307,-0.828835293536142
0.823818404555691,-0.274186358857442,-0.496130100812089,-0.448748605242618,-0.850204448383306,-0.275276379738697,-0.346334990447285,0.449415438726504,-0.823454818327116
0.816777719752081,-0.274977094152511,-0.5072097733759,-0.454819863777097,-0.847771650170765,-0.272804180100894,-0.354983165840824,0.453509456194883,-0.817506039801204
0.812599925937638,-0.270657957202124,-0.516164344535071,-0.457296452908981,-0.845154692816755,-0.276755305941332,-0.36133269229757,0.460931464984752,-0.810543564568864
0.808445840857889,-0.273792556504212,-0.521011476267528,-0.458469221084744,-0.848046592102448,-0.265749790105982,-0.369081692471368,0.453712038220624,-0.811125200358217
0.800860676187073,-0.286507554590717,-0.525866521561918,-0.477670143376605,-0.835243670783537,-0.272395382748344,-0.361183348818516,0.469341487169513,-0.805769915644504
0.798867234865592,-0.281443293540754,-0.531602119614977,-0.475693364836083,-0.836505046942865,-0.271983692691384,-0.368139869763013,0.470158461542541,-0.802137181117309
0.796468432266222,-0.278568152345715,-0.536691550988164,-0.476076732438192,-0.836107451500758,-0.272534904876204,-0.372812260037623,0.472571808346205,-0.798553006833008
0.800531239746735,-0.265307269298073,-0.537365599054457,-0.468473156160422,-0.83623413489289,-0.285035740911612,-0.373741402772891,0.47992137324518,-0.793720882524715
0.794970509770735,-0.281711079383101,-0.537271585278494,-0.475769749631767,-0.83899928138383,-0.264051796382344,-0.376384157384691,0.465530958788162,-0.801009296125576
0.796235302732268,-0.27959387607251,-0.53650406069815,-0.482006038760746,-0.829113094274375,-0.283269580966516,-0.365622101740346,0.484147437631887,-0.794935052286317
0.799138246861687,-0.280997844021788,-0.531430403776389,-0.477117136800926,-0.834262767551511,-0.276341948404834,-0.365701107700969,0.474389972841332,-0.800760172270003
0.801986311867072,-0.285870626429778,-0.524495891807074,-0.47553827420526,-0.836921288419345,-0.270972520297512,-0.361498693419125,0.466734123388412,-0.807141841760862
0.807881246670524,-0.291145291263881,-0.512408343660551,-0.481063148426504,-0.828037821587125,-0.287978494417945,-0.340449906012703,0.479153196166025,-0.809015498059106
0.8152181444289,-0.286094845065184,-0.503556468155289,-0.474095751125106,-0.829047748800751,-0.296501347338469,-0.332644849289782,0.480447260201923,-0.811491117884505
0.817638920784073,-0.282301938594666,-0.501769081037035,-0.465816006036729,-0.83656903289333,-0.288388109539746,-0.338351952468206,0.469529411932428,-0.815512162748871
0.821861147931322,-0.275277900674933,-0.498764805214855,-0.456256188277726,-0.842321778079473,-0.286922137227707,-0.34113713397883,0.463374685943283,-0.817868789138987
0.824977839943272,-0.270252737405321,-0.496361784918484,-0.447138634310281,-0.849253844424027,-0.280775621160647,-0.34565677385185,0.453576196086105,-0.821456042058484
0.829616034997578,-0.263487781783679,-0.492251382248555,-0.434571213620628,-0.858264818044065,-0.27300066373561,-0.350549703704327,0.44040400879023,-0.826534460427575
0.831787662075257,-0.26461408161121,-0.487963802994068,-0.445109070624482,-0.843198990464686,-0.301485286087305,-0.331673333970622,0.467968856113727,-0.819144644882955
0.830214834195055,-0.268850904556602,-0.4883262436134,-0.44739466453835,-0.843935041548399,-0.295992668472245,-0.332537732032163,0.464212060125326,-0.820929850845433
0.83117116844191,-0.261158857436291,-0.490867130630562,-0.442065937566667,-0.845853078100572,-0.298513445444407,-0.337242043040625,0.465111407568507,-0.818498126421452
0.828412104294016,-0.265133745220458,-0.493393841271385,-0.444439950566609,-0.847248684054212,-0.290934352919618,-0.340890768134765,0.460297473938083,-0.819707093837006
0.826339735646933,-0.262939303764999,-0.498021649957644,-0.443282318054278,-0.84912628324731,-0.28720261419255,-0.347366417189951,0.458091123723421,-0.818223132509972
0.818924358115369,-0.268853252032852,-0.50703138419302,-0.454657797985252,-0.843055598531023,-0.287303923601298,-0.350213052892853,0.465805953865833,-0.812634992433017
0.814908197327053,-0.272448472125616,-0.511562762489208,-0.454678416676315,-0.847870327097648,-0.272733286996741,-0.359433119422642,0.454849138136751,-0.814812919754199
0.812019933570299,-0.268205659556818,-0.518352536085414,-0.463237748837295,-0.836435826630878,-0.292892294163699,-0.355013261071531,0.477954843170369,-0.803445550335146
0.807045091636061,-0.26094273445247,-0.529704737946159,-0.458496446769618,-0.842208190438472,-0.28366595188353,-0.372101099656769,0.47179895431722,-0.799341302785864
0.804561004171052,-0.261337543431447,-0.533276925209112,-0.472433041278488,-0.825764362795797,-0.308091282974396,-0.359845261293833,0.49981587162641,-0.787842295383223
0.801519508396776,-0.258344460646456,-0.539281575165222,-0.468090151589662,-0.832273183263159,-0.297006663908027,-0.372099566842207,0.490489029514729,-0.788011690447256
0.797162733541392,-0.261122625623071,-0.544377213557409,-0.474638106941695,-0.828297266153038,-0.297728578275932,-0.373162489663175,0.495720297416918,-0.784226461576797
0.795796244138612,-0.262136580100889,-0.545887123119688,-0.468671460097426,-0.837461214068779,-0.281079663833216,-0.38347803105918,0.479523855823104,-0.789304422508526
0.795966752520188,-0.261751376799982,-0.545823364858797,-0.472712887124246,-0.83200590982724,-0.290359591471,-0.378126242449694,0.489134319748533,-0.785982291158659
0.797735715246812,-0.267039608429855,-0.540654766139435,-0.478316572770072,-0.826195183817425,-0.297682338156606,-0.367193388874514,0.496075967737322,-0.786814876194095
0.803168673913021,-0.267096760898409,-0.532521738112518,-0.484084324939178,-0.813607586672192,-0.32203270215559,-0.347249834547087,0.516432004456568,-0.782761481666026
0.80552957035783,-0.26609044569701,-0.529450645469335,-0.470497477171362,-0.830377200750145,-0.298505993992979,-0.360214151935363,0.489560598070473,-0.794088273155049
0.805596006172792,-0.274433598446013,-0.525072637720171,-0.474846951498853,-0.829077767978164,-0.295212512093564,-0.354309818507323,0.487151162051697,-0.798215696300811
0.811483433546691,-0.261024809358457,-0.522839063172076,-0.454900186505745,-0.843779238094628,-0.284784862093278,-0.366824832033371,0.468937785063041,-0.803453107744228
0.814814636804194,-0.25878293429778,-0.518756687249312,-0.448930598452068,-0.847837624112459,-0.282192630861984,-0.366794800158232,0.462820436082473,-0.807006083323609
0.820791553580001,-0.254163253928516,-0.511568437185286,-0.441863882400414,-0.850063599982757,-0.286615047431895,-0.362018694271111,0.461294825829234,-0.810030585016033
0.830974757557259,-0.237931886123632,-0.5028611834973,-0.426053767972438,-0.853421684748882,-0.30024925444848,-0.357713766996941,0.463745453418178,-0.810543654182072
0.824080642752796,-0.256038975636899,-0.50530697323008,-0.442106125505446,-0.848404056419532,-0.291123222779369,-0.354165594080933,0.463308320673923,-0.812349759625501
0.831364522002982,-0.245830003693112,-0.498398074674249,-0.427507606529373,-0.855914545324932,-0.290942498546948,-0.355063765983352,0.454948239237673,-0.816671183341411
0.825943783783234,-0.265486484534141,-0.49732664573652,-0.440537419521445,-0.854408242650079,-0.275523750143233,-0.351772153575609,0.44665812588747,-0.82264990764448
0.829320164965257,-0.255827646805978,-0.496769845211758,-0.431705668027121,-0.857797931983128,-0.278949680191117,-0.354765105633652,0.445796952675974,-0.821831367623285
0.833732503844631,-0.250701617331762,-0.491974400858623,-0.429471124039629,-0.854431223044402,-0.292406974443128,-0.34705138762019,0.455077997879578,-0.820036188345865
0.82694372966638,-0.261396894551109,-0.497831027040795,-0.445925232313745,-0.844196941698131,-0.297459595262039,-0.342512416054351,0.467977763517199,-0.814666838469599
0.82982179064121,-0.243894497631166,-0.501907630747189,-0.434859022126966,-0.846286833472491,-0.307727519675903,-0.34970477070208,0.473618062911821,-0.808326978290258
0.820429708876443,-0.250445638557157,-0.513976726049549,-0.442924817947487,-0.846856825951461,-0.294365626365585,-0.361542111570838,0.46915935295709,-0.805715088039056
0.814021498274655,-0.254808523302453,-0.521959401485508,-0.451719989083058,-0.842630145371901,-0.293127087750912,-0.365127445982205,0.474391246296717,-0.801021156791479
0.803122583397867,-0.265636416647009,-0.533321113577245,-0.463430071345391,-0.841082960384041,-0.278948064564757,-0.374468536741261,0.471186531962189,-0.798596623514214
0.796779182629516,-0.263605944389702,-0.543741519667805,-0.462324940658731,-0.845352310033866,-0.26764738213797,-0.389099708780593,0.464641128186928,-0.795430725220014
0.770883809919149,-0.307829854813784,-0.557654850323981,-0.49818906356694,-0.836907687068751,-0.226700640200969,-0.396920405808057,0.452577400905699,-0.798516053465808
0.784848439810828,-0.278830901716708,-0.553413276651687,-0.488565090492916,-0.827788191492692,-0.275809467525874,-0.3812047728953,0.48684703786005,-0.785915315316312
0.775778899247444,-0.291240118816116,-0.559773429768151,-0.500773066521958,-0.823902892670526,-0.265349504041997,-0.383918526941092,0.486172003144066,-0.785011686556492
0.772378343325701,-0.292073688402395,-0.564025403066623,-0.508826231390765,-0.816026906446438,-0.274218807167065,-0.380167806383071,0.498791588239495,-0.778896264268488
0.78110762134259,-0.27848655201397,-0.558852506684806,-0.488102674568202,-0.830503313898125,-0.268365468500701,-0.389392684779632,0.48239971595307,-0.784642498905398
0.777609076848566,-0.285165488069295,-0.560361283474261,-0.496771747085532,-0.824962081862057,-0.26954664677456,-0.385411409924912,0.487973572956592,-0.783160160628507
0.780097285727486,-0.287441459830091,-0.555720821970309,-0.502086924992358,-0.817573532835424,-0.28192594445833,-0.373305430649392,0.4989498227054,-0.782107492528951
0.789118167137553,-0.277175785462158,-0.548147883555984,-0.500424737063696,-0.807588397266122,-0.312051379000104,-0.356184784666891,0.520552172749833,-0.77598829541252
0.793803615243724,-0.268009842806143,-0.545936392435072,-0.487778520040399,-0.816714447537855,-0.308301194564883,-0.363246384446139,0.511026648367737,-0.77904032555757
0.797958334087852,-0.278928995605862,-0.534285609454386,-0.494908261670935,-0.809172020064227,-0.316711942425654,-0.343988821896283,0.517145296174569,-0.78372982146587
0.807281253706582,-0.273037317165986,-0.523208945688748,-0.482884566746069,-0.815273605699006,-0.31961139380348,-0.339292606185857,0.510665811745159,-0.790000605127785
0.807566687109071,-0.271116395257522,-0.523767072365423,-0.481128513064114,-0.816474048551714,-0.319195053154474,-0.341103209877002,0.509770564336683,-0.789799070616993
0.813727548570706,-0.271670650300684,-0.513850692772047,-0.473585427777964,-0.822435327288408,-0.315145958286588,-0.336993055260004,0.499795148228964,-0.79789754386971
0.813567623168788,-0.277525607034133,-0.510966985207288,-0.472063755910087,-0.828319079779767,-0.301733843691526,-0.339504834851509,0.486689880224703,-0.804903365379543
0.811039927316266,-0.278802587522077,-0.514279450775374,-0.47859344064544,-0.821769822121839,-0.309261504266213,-0.336396425174206,0.496954199741622,-0.799921226427439
0.807798040037165,-0.284044492212792,-0.516508521668028,-0.486061004143141,-0.816695114040077,-0.311052714108761,-0.333477175775909,0.502322423495749,-0.797787663535782
0.805069027266554,-0.245911803598298,-0.539806674826384,-0.467301376400958,-0.823449637784627,-0.321807578602708,-0.365367328793716,0.51132971640948,-0.777848723188992
0.791369604197811,-0.279224538883743,-0.543845388356803,-0.488421941018895,-0.823793777774035,-0.287763477933039,-0.367665822566003,0.493353289829859,-0.788304747119361
0.785913923742141,-0.277654814869457,-0.552491726859363,-0.492883386656171,-0.820834723909288,-0.288611024015207,-0.373370153636544,0.499137415752987,-0.781956884085595
0.780129255858481,-0.276126214628376,-0.56138458987462,-0.50387217573693,-0.809192556216067,-0.302192384885256,-0.370824991973065,0.518615195071944,-0.770407103269866
0.777302639422085,-0.266389615225632,-0.569944891763581,-0.504714206103009,-0.804879111474264,-0.312142893672447,-0.375585112731148,0.530288778697362,-0.760085280927339
0.773563918352423,-0.261568630801572,-0.57721808322664,-0.493114153787825,-0.820554325248786,-0.289013893523524,-0.398041826391854,0.508205126593682,-0.763734413095637
0.765758242694045,-0.269272780856936,-0.584043220349059,-0.499305880045824,-0.82128984577712,-0.276001136546682,-0.405349172810051,0.502966359424731,-0.76335895186291
0.762983554971157,-0.263537290881602,-0.590257732823858,-0.489788496789116,-0.831598228350263,-0.261823633420978,-0.421856993845821,0.488868574280952,-0.763573306123176
0.762668385694291,-0.262439042095328,-0.591153687839763,-0.490949285124326,-0.829920961725464,-0.264952819808724,-0.421076872908473,0.49229761981221,-0.761798740238427
0.761669446424353,-0.254791698011943,-0.595769120555783,-0.483512052899532,-0.83558325209278,-0.260800160128273,-0.431364983609587,0.48670506412636,-0.759633090030481
0.757885921615704,-0.269667882018263,-0.594043906815396,-0.49205782484303,-0.834163033407314,-0.249100643731514,-0.428355024281799,0.481093823598363,-0.764892610807587
0.754954924933922,-0.27562196461719,-0.595042514395884,-0.505133201638576,-0.823058245441735,-0.2596450908697,-0.418190757813199,0.496596070494857,-0.760597681332706
0.755494700620758,-0.277162992990236,-0.593639985724214,-0.511418044872347,-0.815828264338215,-0.269955230521362,-0.409486679530478,0.50754794692087,-0.758100086310187
0.756368001977717,-0.280768639185997,-0.590826892443023,-0.510004564950761,-0.818708833543408,-0.263839325361815,-0.409637387592515,0.500884035608679,-0.762438452308606
0.758398737115636,-0.282161748117412,-0.587550936890356,-0.510610509839926,-0.817464683883754,-0.266511534166619,-0.405102780516771,0.502131694381225,-0.764038937957628
0.762475199354484,-0.276765837881679,-0.584835225812358,-0.507527867723632,-0.816470667580548,-0.275301856994242,-0.401306658122243,0.506731013420559,-0.7630050105894
0.767255383855176,-0.270643370314311,-0.581439026941051,-0.504796555988544,-0.814063124940847,-0.287196214587949,-0.395600319776603,0.513861260182604,-0.76121415664463
0.772978415401288,-0.265257038322484,-0.576318551622364,-0.498570348695477,-0.815741768234087,-0.293245588133899,-0.392341658157002,0.514007851281194,-0.762800073476599
0.776364224088779,-0.265188148159515,-0.571781284785324,-0.49623550920269,-0.816495085853927,-0.295103531294927,-0.388598650231026,0.512846001107658,-0.76549334953774
0.780153794251769,-0.263635598808506,-0.567323830237589,-0.4923704277299,-0.818194045538957,-0.296866747450216,-0.385916337062378,0.510935196365915,-0.768123561611594
0.783273512905309,-0.263653858715785,-0.563000219152047,-0.48933200518109,-0.82005765345807,-0.29674843505956,-0.383453768642884,0.507929215333318,-0.771343710368114
0.785272555247173,-0.26221303478175,-0.56088442514133,-0.494059740236806,-0.811362880360594,-0.312402383873907,-0.373164825583435,0.522431431638167,-0.766689906144446
0.791019959916568,-0.249995682723882,-0.558381215329645,-0.479133965150395,-0.820673893604664,-0.311327807616058,-0.380418278284378,0.513805915667756,-0.768950853157709
0.789945153239995,-0.250579022799213,-0.559639891542439,-0.485113438297525,-0.813619179059065,-0.320450906459018,-0.375035474129841,0.524627472403271,-0.764273778396172
0.788696245061389,-0.247842683451568,-0.56261197755255,-0.489673796487474,-0.806579813253394,-0.331132266452039,-0.371722754293586,0.536659118166873,-0.757508537792641
0.782680371424514,-0.243206151586361,-0.572941710837444,-0.477783734027873,-0.824712743708741,-0.302607987110028,-0.398916206345604,0.510587561731533,-0.761686419807968
0.784218487174496,-0.234233585259959,-0.574574618226397,-0.462544458199767,-0.837922680234071,-0.289720910771099,-0.413586736444035,0.492970799830596,-0.765457903448619
0.783950480129281,-0.228482569707984,-0.57724982463809,-0.453702509855911,-0.845526652767832,-0.281493715755206,-0.423763704504664,0.482576827871855,-0.766514140734287
0.780933881567286,-0.222362476313923,-0.583692728880352,-0.44774872165128,-0.85084859636851,-0.274914074425775,-0.435503564715487,0.476037388432123,-0.76401901150091
0.777876446512448,-0.216602206356253,-0.589908228593881,-0.455026885575041,-0.841586372370582,-0.291003283905874,-0.433426772782953,0.494788704440318,-0.753210044139898
0.774021167164694,-0.214861707422552,-0.595588515222104,-0.466030836616588,-0.830099454225103,-0.306186471643717,-0.428609953341552,0.514557424179898,-0.74264672968909
0.770385226345269,-0.216040878927628,-0.599860768563111,-0.472793787076826,-0.824787444716269,-0.310147877535799,-0.427753010428333,0.52254378732369,-0.737546847596078
0.765184633158974,-0.216003344744156,-0.606494049630087,-0.483523578352918,-0.814802726748304,-0.31984600303946,-0.425085198935644,0.537995419630005,-0.727917235750727
