X1,X2,X3,Y1,Y2,Y3,Z1,Z2,Z3
0.0846272459581727,0.912304426686493,-0.400673011681302,-0.923091515976564,-0.0796161173095352,-0.376249022585632,-0.375153678342121,0.401698776339665,0.835402783520376
0.0834076800785197,0.909876221367943,-0.406409178898697,-0.921720816965177,-0.0845778465496713,-0.378519911558251,-0.378779480010421,0.406167268083254,0.831597412129704
0.072481939054112,0.909223247815517,-0.409950550850659,-0.922080466121858,-0.0955776195943681,-0.375010043371069,-0.380149947398987,0.405188850123589,0.831449344956186
0.0695158890173629,0.908246461048178,-0.412620778884906,-0.921967461714947,-0.0994689658958444,-0.37427519870078,-0.380977086860906,0.406441005334196,0.830459010710285
0.0650096240224078,0.907445229248815,-0.415110713783721,-0.922199409618818,-0.104282579508825,-0.372388765283928,-0.381211224497873,0.40702370879907,0.830066083388715
0.0608456240847228,0.905600620711049,-0.419744357672028,-0.922678495062068,-0.109376712512487,-0.369731158424549,-0.380739024503319,0.40978561532553,0.828923123511788
0.0537527084737777,0.906976675736447,-0.41773670655306,-0.922977742415981,-0.114524998850249,-0.367418169995782,-0.381081006265639,0.405311404118383,0.83096325571902
0.055617955171973,0.907213226799636,-0.416978181901981,-0.922701948375243,-0.112861286176151,-0.368623716745404,-0.381481005460323,0.405248678224196,0.830810298004619
0.0523498726283531,0.909600073327942,-0.412173746662252,-0.922062153593326,-0.114469978773229,-0.369726938253753,-0.383485170178239,0.399404970626881,0.83271531371286
0.0595446703743948,0.910466607317195,-0.409273733814329,-0.921880149530919,-0.107101141224614,-0.372379289769499,-0.382872592556396,0.399474532991407,0.832963789945543
0.0619703749762295,0.911709774348921,-0.40613416500209,-0.9233310909797,-0.102138222357579,-0.370172230136014,-0.378971462059536,0.397936013562826,0.835480436667541
0.0645342876191566,0.912074116505182,-0.404914968509167,-0.922489066363095,-0.100226508965717,-0.372784883466444,-0.380590656955781,0.397587038146161,0.834910353832153
0.0670301663519964,0.913236441062075,-0.401878289429897,-0.923409274964011,-0.0957815887057688,-0.371673510187958,-0.377918334709051,0.396011477082767,0.836870744087438
0.0408049524349826,0.911350030370318,-0.409604782687897,-0.924151800947558,-0.121419455559969,-0.362216460996606,-0.37983997243861,0.393317223059888,0.837271256751535
0.0439583100284124,0.913581599522136,-0.404272591198094,-0.924149976311647,-0.116530150543926,-0.363823508445225,-0.379492408702241,0.389601572159026,0.839163945071871
0.0528106255436173,0.914670581617295,-0.40073528039539,-0.925289164490824,-0.106103625554493,-0.36411808897673,-0.37556757035927,0.390025316829654,0.840731379411023
0.0460530841366708,0.916534565495157,-0.397295234924991,-0.924528874199884,-0.111517296634607,-0.364431410998016,-0.378319275496499,0.384094106702918,0.84222695455791
0.0463077999912481,0.918861503237,-0.391853449045701,-0.925352726198624,-0.108300136884161,-0.363308976585559,-0.376268414535083,0.379426696767522,0.845255855941467
0.043418550599656,0.920290611877868,-0.38881874845908,-0.925497757058618,-0.109521185119155,-0.362572767440639,-0.376256204125982,0.375593263650396,0.846971646017239
0.0562087299713933,0.922523860455863,-0.381824967183414,-0.924510605172997,-0.096308623452563,-0.368788272551244,-0.376989017874078,0.373730351909347,0.847469707107017
0.0477946085743151,0.922429123921488,-0.383197320883985,-0.926108565499624,-0.102804435003532,-0.362979576631845,-0.37421731694225,0.372230787932756,0.849356014999307
0.0422933014381957,0.9224236813837,-0.383856520950211,-0.925349413193721,-0.108711932383818,-0.363194409730399,-0.376748908632122,0.370562097063257,0.848966425758161
0.0199746444708247,0.922277737331667,-0.386011384288916,-0.925424180760136,-0.129072199632046,-0.356273003392872,-0.378405997894716,0.364340695646982,0.850919948204752
0.00321310389124119,0.923630104993725,-0.383271581404968,-0.925644214578819,-0.142277243985044,-0.350627970733627,-0.378381373722525,0.355899726037126,0.854495711531985
-0.0108440509970293,0.923247763058107,-0.384052046689216,-0.925489518032201,-0.154692958607787,-0.345744472941642,-0.378617958594805,0.351686872893163,0.856133625588979
-0.0595647503473747,0.928610568004133,-0.366243707805468,-0.861028567390874,-0.23342748144365,-0.4518201158024,-0.505056280678574,0.288433742647972,0.813464276689031
-0.0585496663643612,0.928185739870056,-0.367482202113922,-0.889917183725366,-0.215330781020018,-0.40209459192536,-0.452348695896136,0.303486222170274,0.838615984985905
-0.0687371503739881,0.926306971226654,-0.370446486304522,-0.89105314946581,-0.223999266324012,-0.394776662827686,-0.448664115999401,0.302951685493259,0.840785815336623
-0.0821416794625243,0.926179431880985,-0.368027722401033,-0.892345426030954,-0.232795009054324,-0.386686079916296,-0.443815710781751,0.296644810708047,0.845594152737161
-0.0883439821695058,0.925113272137978,-0.369270597974706,-0.896390007675312,-0.235499671918069,-0.375532766435016,-0.434373451023757,0.297834414130813,0.85006727192915
-0.0981911746527315,0.921700366671493,-0.375269139815616,-0.890580106258652,-0.249664517563448,-0.380177199482213,-0.444100852911413,0.29687718461924,0.845362862737599
-0.142389228120466,0.915431222166547,-0.376445195477269,-0.886566206507254,-0.287071653938287,-0.362753672599565,-0.440142782736005,0.282091373472848,0.852466297174034
-0.121466611513853,0.917848707281717,-0.377888360271421,-0.884710030110308,-0.272722358376217,-0.378035286532795,-0.450037803867143,0.288402957306257,0.845156618211941
-0.110254453777706,0.918736557186286,-0.379166314315591,-0.886448401782116,-0.263431391645912,-0.380543207630132,-0.449503266284141,0.294154789838595,0.843457036970408
-0.118326612179135,0.920599310079294,-0.372150135203169,-0.885326823448522,-0.267527075141823,-0.380296831105139,-0.449661237525271,0.284475261398228,0.846686835329127
-0.121759602044349,0.924905367763033,-0.360173097264539,-0.886241503112775,-0.264703245495608,-0.380142328588256,-0.446934668011345,0.27291436845139,0.851919685194777
-0.134917541163332,0.925933202116809,-0.352767575471661,-0.893617749074661,-0.267513837243404,-0.360393764405053,-0.428070760067978,0.266615926195384,0.863522653017164
-0.132898149704869,0.924137817014509,-0.358200191190179,-0.882754672786142,-0.274689791385879,-0.381168868328218,-0.450646501683142,0.265546255240101,0.852292741285942
-0.144763422063164,0.924112003277719,-0.353639020797483,-0.889002820218772,-0.278389289942854,-0.363556582787582,-0.434416317920532,0.261756391790447,0.861838763389773
-0.148363376294083,0.922531564734605,-0.356263695375969,-0.879520675878368,-0.287796292512433,-0.378967907240913,-0.452141227137141,0.257116327922632,0.854084014976572
-0.155242169450402,0.919953055835797,-0.359980893774532,-0.878825827058452,-0.29503722773044,-0.37499093315461,-0.451181819801464,0.258146100709492,0.85428072445135
-0.170334489308965,0.916699822097951,-0.361452068630736,-0.876934441784802,-0.308316186609286,-0.368682944935463,-0.449413113475154,0.254170346894149,0.856402526967475
-0.192617515486423,0.910930299593796,-0.364834869509198,-0.87341779328832,-0.328618483084352,-0.359376196961763,-0.447258148159649,0.249431116457622,0.858920407865307
-0.192969669497964,0.909915326014147,-0.367174081517765,-0.869965632836496,-0.331725153930524,-0.364853696614363,-0.453786849013104,0.249023134937978,0.855607955741659
-0.209303432014701,0.905981050799194,-0.367954357141828,-0.866079757875729,-0.346451605357773,-0.360384708530953,-0.453980094657008,0.243248064201568,0.857165359144549
-0.227326123031289,0.903690849173164,-0.362857662049804,-0.856760417169673,-0.362720801066121,-0.366599519974045,-0.462908653363503,0.227544434330171,0.85670246237918
-0.230440287258113,0.900954464163111,-0.367666054338661,-0.855406778861531,-0.367670309644694,-0.364825692740402,-0.463871228560403,0.230433497804325,0.855408607861487
-0.246301878928096,0.899631133421088,-0.360554029537847,-0.846464155906141,-0.380865845743981,-0.372074777849596,-0.472052769510564,0.213553345385202,0.855313481404447
-0.253132796452689,0.894362332474664,-0.368835743401477,-0.846093783274722,-0.389527268007092,-0.363859612189645,-0.4690939109218,0.219964828391744,0.855316536147105
-0.259792984606211,0.894156712353463,-0.364679830677053,-0.86362408617482,-0.384097062567709,-0.326531597713856,-0.432042871632091,0.230115667176541,0.872000995866285
-0.235139257186454,0.901062068215435,-0.364412786484127,-0.857790859823576,-0.368688154204302,-0.358139478070424,-0.457060576437012,0.2283773066063,0.859615864961971
-0.221814793834704,0.906461343767696,-0.359341104649788,-0.861630562133201,-0.354737508573602,-0.362979440752528,-0.456498599816135,0.229105068180204,0.859720824512267
-0.217390946268484,0.908748463512066,-0.356254693365507,-0.863188399024103,-0.34937636272438,-0.364474889340389,-0.455682964648339,0.228281377326187,0.860372389431088
-0.221166350722283,0.9105158014399,-0.34935142855933,-0.862315026015425,-0.349900799140058,-0.366035827029493,-0.455519748437106,0.220296178108939,0.86253773986672
-0.206914503561317,0.917133531728722,-0.340664751911282,-0.863866000019167,-0.334719366799929,-0.376428584860314,-0.459262367527384,0.21640016281846,0.861538767151709
-0.20534995741769,0.920485774101666,-0.332471554670485,-0.86391697655294,-0.330112583635407,-0.38035922461429,-0.459868299203349,0.209121069722811,0.863011891914478
-0.19902950478709,0.923926865688357,-0.326720680526186,-0.865846171170112,-0.321943105293991,-0.382966114458862,-0.459018152249192,0.206668294164709,0.864054715913748
-0.194331676484076,0.926031089019565,-0.323576299632911,-0.866723581477023,-0.316571254124821,-0.385451520133829,-0.459375045933636,0.205545769187977,0.864132804574848
-0.193215266968128,0.925597327289155,-0.325480334775556,-0.866761267477914,-0.316473432161386,-0.385447106534831,-0.459774690267435,0.207639481917977,0.863419411258699
-0.188196076156297,0.926600806257079,-0.325565942265319,-0.867275025215196,-0.312349332527823,-0.38764922946835,-0.460886393330672,0.209401146876408,0.862400656382803
-0.187980531283583,0.926915528490507,-0.324793662040236,-0.868488508793657,-0.31130540043114,-0.385767621445577,-0.458684019725685,0.209562760779612,0.863534839680898
-0.197403034277308,0.926350299596841,-0.320791465745202,-0.86759700531133,-0.317433835168952,-0.382767810382148,-0.456407141084498,0.202758187816852,0.866361148044106
-0.196391163767539,0.926461208654264,-0.321092104625623,-0.867790824766783,-0.316678188943485,-0.382954317246927,-0.456475185792851,0.203431938265245,0.866167334438922
-0.194498037664187,0.926767448739585,-0.321360559654575,-0.866901925683821,-0.31569988678959,-0.385764996761919,-0.458967934163666,0.203557553133656,0.864819494444809
-0.197190570547389,0.926752774290718,-0.319757993225585,-0.865509916153431,-0.317755479235864,-0.387200258852789,-0.4604437684748,0.200401473946788,0.864772100216398
-0.196428815824553,0.925630927641122,-0.323454952208186,-0.864771161768646,-0.319028779307411,-0.387803398317923,-0.462154257891313,0.203538752496568,0.86312537799851
-0.201560819938124,0.924184348280145,-0.324432622064852,-0.863772041101608,-0.323888593980703,-0.385997460743416,-0.461812837497003,0.202433863479427,0.863567851439457
-0.197843101771778,0.922301507167818,-0.331991019392534,-0.862296410654045,-0.324818254010439,-0.38850740280561,-0.466157706419698,0.2094111547592,0.859560330057143
-0.209294856733746,0.918016555555706,-0.336810431356332,-0.859439665610188,-0.336990337535148,-0.38444892194386,-0.466432336058136,0.209005062459226,0.859510185946487
-0.211657792802241,0.916154475060777,-0.340385012261404,-0.858405776251718,-0.340772216354865,-0.383423812325577,-0.467269196549237,0.211033822850049,0.858559388493029
-0.208394658145014,0.917506056094572,-0.338754045712235,-0.858851629907111,-0.337375468960317,-0.385424014235887,-0.467916172260077,0.210619158610014,0.858308817246967
-0.201555234363669,0.917011946461767,-0.344186835231981,-0.858234468934162,-0.334688112185749,-0.389123969828173,-0.472026571110042,0.216963032814211,0.854469401768229
-0.204601331709094,0.916437698136066,-0.343918944662741,-0.857147494811567,-0.33741076960343,-0.389168529937706,-0.472690667562963,0.215164862351382,0.854556969902061
-0.199810189388536,0.918599618956079,-0.340955463763617,-0.860234120134,-0.33105823432672,-0.387811428456868,-0.469119544224923,0.21581284840857,0.856359543467567
-0.194861636426989,0.918577787613046,-0.343865948812786,-0.861694295661154,-0.327794570895701,-0.387341787206508,-0.468520953078967,0.220829272052473,0.855407826203824
-0.198624316427119,0.916193123033421,-0.348049626102553,-0.861812735858791,-0.332385904596332,-0.38314281767673,-0.46671960451158,0.223852120231069,0.855606825026898
-0.20018556714501,0.914548628465501,-0.351463433202803,-0.867357187489448,-0.33225455949938,-0.370538010199045,-0.455650357200809,0.230667973207689,0.859752893638068
-0.200874242610972,0.914146194883016,-0.352116845715128,-0.867111813885149,-0.333169811840012,-0.37029039779516,-0.455814261378772,0.230942873584343,0.859592198815421
-0.200260045472985,0.917008532421974,-0.344951106176593,-0.86912599821839,-0.328791052607313,-0.369481316099018,-0.452234356731159,0.225813629328862,0.86283966726228
-0.189667010190945,0.921012406609548,-0.340238992645634,-0.865099507581041,-0.320648388845242,-0.385729766434988,-0.464358985299378,0.221180373456232,0.857583800668771
-0.0187573101407769,0.930840332626457,-0.364944432033357,-0.901112358850211,-0.173881185553101,-0.397192459694362,-0.433179731801584,0.321405675846764,0.842053271171007
-0.0835304372267539,0.933289661871596,-0.349275067962643,-0.87414479627475,-0.236902652267316,-0.423966989864173,-0.47842819858625,0.269902835094989,0.835618883466143
-0.0730977703685173,0.931668070958838,-0.355881049682319,-0.875113140062145,-0.231073673276251,-0.425184606505448,-0.478365663543825,0.280356136145543,0.832205941379787
-0.0753869724308242,0.929682656109552,-0.360564783800086,-0.875547682859291,-0.234764321060842,-0.422258177655056,-0.477213850833608,0.283858895379255,0.831679666750744
-0.0709398128272238,0.922555045873112,-0.379288452618978,-0.864519910792945,-0.246541374606872,-0.437975655087715,-0.497566947051949,0.29683250822815,0.815056804928582
-0.0758946039305591,0.914986710784623,-0.396281879704032,-0.857171890935368,-0.262907651682488,-0.442872347383627,-0.509407850827319,0.30607006677285,0.804254161158744
-0.072987576084641,0.913960158583008,-0.399186225038155,-0.854953584744182,-0.26343497610711,-0.446829252955219,-0.513543748545692,0.308672709979956,0.800620994255877
-0.0987802214225833,0.912875339402578,-0.39610741291515,-0.849096828567326,-0.28489405068338,-0.444825758698981,-0.518919110818453,0.292393561139508,0.803261452972532
-0.0884893226192052,0.915613818632119,-0.39220017199423,-0.848517859343526,-0.275523014036975,-0.451779272555815,-0.52171551841734,0.292811208572845,0.801295522249211
-0.0818455559109975,0.916924499406154,-0.390577479338471,-0.847083207743616,-0.270482419729105,-0.457481474790263,-0.525120313962815,0.293408798447256,0.798849130222555
-0.0720840169556314,0.914647739639706,-0.397773059509462,-0.853809176754367,-0.262738503001252,-0.449420035969349,-0.515571318237904,0.307226286981824,0.799873880307259
-0.0708621611452947,0.917351492645484,-0.391720299523679,-0.846450710879354,-0.263067789044454,-0.462943336078077,-0.527730753481029,0.298766760715386,0.795134375135411
-0.0693866861231501,0.919016233007445,-0.388065266749877,-0.84643411033697,-0.260107644952746,-0.464643207090342,-0.527953392494934,0.296231626444479,0.795934695089458
-0.0686536657318453,0.919721330590328,-0.386522118692755,-0.844871290485291,-0.259638635127161,-0.467739544685954,-0.530546111752126,0.294449406870622,0.794871291529792
-0.0654499851737714,0.920338374888966,-0.385608058976327,-0.843951841004441,-0.25724035047321,-0.470715085963511,-0.532411109487742,0.294626335881838,0.793557642959145
-0.0492043615017644,0.918906109101742,-0.39139557159567,-0.842342904564331,-0.248746612540686,-0.478104124516469,-0.536691123402772,0.306164474433321,0.786273459208461
-0.0490169623561913,0.918957417833381,-0.391298609262002,-0.841581377021406,-0.248986990118474,-0.479318541893069,-0.537901592535407,0.30581488348468,0.78558203504607
-0.0493966956786859,0.919452811842401,-0.390085238442997,-0.841679897186022,-0.248587697282947,-0.479352800588971,-0.537712671534673,0.304648458973067,0.786164358971061
-0.043127529098843,0.921531373842536,-0.385901468328014,-0.842619891744495,-0.241080779866104,-0.481530659060923,-0.536779036727706,0.304401025955958,0.7868978848152
-0.0428358815116091,0.922115304518941,-0.384536672408581,-0.842332241647035,-0.240306476411257,-0.482420140620897,-0.537253647672125,0.303242745282961,0.787021191262503
-0.0376418830960478,0.923669415596527,-0.381336989195322,-0.840673225300136,-0.23557366368599,-0.487620320783524,-0.540232928374836,0.302224849522884,0.7853715830296
-0.0337123131395857,0.923803502063015,-0.381379823166994,-0.841930618917331,-0.231869331479752,-0.487226278076842,-0.538531626622112,0.304669825705208,0.785595305760224
-0.0320077064388468,0.922927559191685,-0.383640752805283,-0.840422279063771,-0.23260934154154,-0.489472457939022,-0.540986043795754,0.306753345070743,0.783094174225634
-0.0290268785244157,0.923690730791904,-0.382037791549799,-0.840971376371828,-0.229156277081662,-0.490157673404535,-0.540300457566346,0.307055100141965,0.783449156633923
-0.0261765768661574,0.923813106297302,-0.381947812478223,-0.84197717252996,-0.226339182730271,-0.489739742413709,-0.538877748438385,0.308771629192713,0.783754332200885
-0.0273563709441854,0.922627106751361,-0.384721783703985,-0.840526538920982,-0.22955143031001,-0.49073544625607,-0.541079260680244,0.309944128400976,0.78177226283073
-0.0223191276772537,0.921777236932771,-0.387076971689498,-0.841233097191912,-0.226523279055797,-0.490931848869793,-0.540211748047587,0.314664789130267,0.780485321933074
-0.0184141047406816,0.924598445787629,-0.380497877515369,-0.841772870293674,-0.219691567520548,-0.493106530070241,-0.539517706460268,0.311212675203735,0.78234731111469
-0.0194669045004379,0.923724709924292,-0.382562020990654,-0.840897231832846,-0.222111841215044,-0.493516134982352,-0.540844603490713,0.312088112986293,0.781081381552286
-0.0220090782488438,0.922765502761591,-0.384732929949835,-0.839648963056662,-0.22595021975963,-0.493898893528268,-0.542683350870937,0.312170346291449,0.779772053605262
-0.0265465768065547,0.920797067775131,-0.389137558244605,-0.836881997310062,-0.233377993022422,-0.495139611575511,-0.54673924483082,0.312517955243449,0.77679387601363
-0.0319373087345189,0.921768392298485,-0.386423393792693,-0.835224502071079,-0.236968781037582,-0.496231627321033,-0.548980909914829,0.306901983983535,0.777451691602801
-0.0310413264702135,0.920989189380339,-0.38834951924203,-0.834760362028162,-0.237584046724181,-0.496718188441669,-0.549737732048275,0.308759993824829,0.776180193109635
-0.0359139546529454,0.921219881496395,-0.387381101496903,-0.832781935288975,-0.241867142462138,-0.497970414435988,-0.552435006238323,0.304719896516403,0.775861681325671
-0.0386431832609961,0.922939181318451,-0.383001268894353,-0.830438413439818,-0.242840556619553,-0.501398549603271,-0.555768608209402,0.298683330046947,0.77582828156819
-0.0423437417426311,0.923862946468948,-0.38037384725681,-0.827404374479135,-0.245821074523348,-0.504949502834667,-0.560008043360115,0.293341533816641,0.774817227422103
-0.0475891159532441,0.924600256614574,-0.377954549530831,-0.825085139053963,-0.249658580083291,-0.506858073530548,-0.5630007010254,0.28772375442264,0.774754962414471
-0.0529400319023936,0.920728524751074,-0.38659583123966,-0.820265411865719,-0.260890812380922,-0.50901929051067,-0.56952788089692,0.290163691258801,0.769053330501943
-0.063972056320246,0.914418230167289,-0.399683470195957,-0.817031553520001,-0.277963501402315,-0.505169013737838,-0.573033172305804,0.294237305972387,0.764890443927271
-0.0587650976175611,0.90902604171389,-0.41257522803481,-0.810152787322411,-0.28490248604825,-0.512330981531719,-0.583265912338211,0.304141790830368,0.753192303847278
-0.0642502521240634,0.905202663588625,-0.420095278400094,-0.810116230805487,-0.293131519063929,-0.507725915348808,-0.582738018055717,0.307704485445584,0.752153143946872
-0.0657095072693885,0.90062467584027,-0.429601505958747,-0.80570015500349,-0.301876921013321,-0.50962494521645,-0.588667580967193,0.312642795898333,0.745469624660258
-0.0704306115806771,0.896505408658002,-0.437398652489146,-0.800254931614535,-0.312554710784728,-0.511763223759671,-0.595509507379175,0.313986631902099,0.73944629393066
-0.0745484193725742,0.893794869234037,-0.442236661641661,-0.79760879520366,-0.319622750711853,-0.511528598458732,-0.598550535028428,0.314598202407927,0.736726019670056
-0.0792849889573247,0.891089561540649,-0.446848166427178,-0.788300572130896,-0.330419707266838,-0.519042411588686,-0.610160715307155,0.311098393378994,0.728643734024297
-0.0780500147202577,0.890525712260035,-0.448187629242403,-0.791574779175137,-0.328652788436799,-0.515166685284045,-0.606067293438609,0.314565256276777,0.730569049007364
-0.0761414024705028,0.888785081002296,-0.451955270593858,-0.787307754929126,-0.331727550572921,-0.519714663271443,-0.611840653976412,0.316256086073663,0.725005587677146
-0.0749013654909058,0.886382090469365,-0.456855092061757,-0.786782370242871,-0.334010264043297,-0.519047825723927,-0.612668986747826,0.320568141288066,0.722407626945139
-0.0774578500235196,0.88538662252797,-0.458356640748499,-0.78518360844017,-0.337487011449228,-0.519219816782779,-0.614399692795014,0.319676470437821,0.721332081458886
-0.0778434280832745,0.883834666913262,-0.461277229295538,-0.781512719925447,-0.341374268737755,-0.522208269982862,-0.619013949195795,0.319843540197528,0.717301777841752
-0.0724706597004427,0.884611935567056,-0.460662269927645,-0.781173436856584,-0.337506090686011,-0.525221572576297,-0.620093593768114,0.321793974776026,0.715494635036205
-0.0716907871042035,0.884144316211026,-0.461680906207001,-0.783107129533178,-0.336566168884623,-0.522940185524726,-0.617740766599297,0.324055615711355,0.716508411121075
-0.0731076658786564,0.88657708843309,-0.456767266181891,-0.782068749813153,-0.335169924125254,-0.525385184914424,-0.618889117496395,0.318813720262123,0.717867725989376
-0.0697446377111363,0.8882311560856,-0.454071689130011,-0.78535510162731,-0.329556669555999,-0.524032218378904,-0.615104096766148,0.320059080342984,0.720561680379622
-0.0742973833955345,0.889124040194128,-0.451595327665652,-0.78615484960688,-0.330834460072039,-0.522024053534343,-0.613547431956293,0.316238835657028,0.723569310821103
-0.0727652455203635,0.89133276382708,-0.44747192445196,-0.786664674376789,-0.327088323701869,-0.523614284168759,-0.613077408760119,0.313909433796247,0.724980660598404
-0.0678891864866011,0.894170267513972,-0.442550100047644,-0.787721484003975,-0.32025854402583,-0.526240751573869,-0.612279284311304,0.31288016503519,0.726099222097634
-0.0654302818294299,0.895154972383786,-0.440926812108659,-0.788050768421866,-0.317416774328037,-0.527468082223835,-0.61212324299068,0.312960327824098,0.726196232845369
-0.0662542764933545,0.897436994638738,-0.436138981862585,-0.787436574453504,-0.315481774635208,-0.529542152322127,-0.612824617700099,0.308347353688677,0.727576729571471
-0.0655022051752887,0.898619158881984,-0.433812250181354,-0.787295425164528,-0.31365169991435,-0.530837568994362,-0.613086759465722,0.30676736858909,0.72802363075435
-0.064974259226879,0.901371738657504,-0.428144057984536,-0.787123335813362,-0.310015496216793,-0.533223448774997,-0.613363839703617,0.302356380542901,0.729633756955524
-0.0643200994422263,0.900192745964215,-0.430715619546296,-0.785707834444424,-0.311778247381603,-0.534282250643149,-0.615244767308423,0.304051549203525,0.727342100889631
-0.0656372844537289,0.901134125312227,-0.428542920939442,-0.785436704166608,-0.311546746419863,-0.53481567716653,-0.615451810166675,0.301489490684113,0.728232899812689
-0.0684182915623667,0.900023329463291,-0.430438083586361,-0.784950853669505,-0.314859928824163,-0.533587277344915,-0.615768702276433,0.301365611247626,0.728016259196278
-0.0689529307995011,0.901177717527401,-0.427930151737715,-0.784186516204568,-0.314118854498639,-0.535145637234768,-0.616682252977254,0.298677194778187,0.72835083042606
-0.0692976287175043,0.899733834784912,-0.430902384766397,-0.783599037783318,-0.316411218649657,-0.534655485988592,-0.617389979380286,0.300604336721671,0.726957114350588
-0.0752193153944909,0.898990196931368,-0.431461099536082,-0.781746361160986,-0.321776527355382,-0.53416523029365,-0.619043359873233,0.297113601614621,0.726986125268184
-0.0761274348713361,0.897800343512855,-0.433773162895206,-0.780607392681518,-0.324331061688391,-0.534285935539242,-0.620368206914952,0.297932719942408,0.725520077073575
-0.0714972162785775,0.898597905531989,-0.432908711205881,-0.780128012300536,-0.320822960600586,-0.537096743962845,-0.621521063591918,0.299323290315,0.723959346501289
-0.0721892194000043,0.897278512008514,-0.435522661282056,-0.778927559976099,-0.323446395512735,-0.537265563329253,-0.622945080173283,0.300455822239487,0.722264304787587
-0.0785308461164794,0.896617790459172,-0.435786007164458,-0.777972712632935,-0.328460727781221,-0.535604339698609,-0.623370968691021,0.29696816014102,0.723338473507165
-0.0804864940026454,0.895294767952644,-0.438142902213174,-0.779911010571085,-0.330291934537153,-0.531644668523718,-0.620693756914915,0.298922258214952,0.724834287041198
-0.0783204566381357,0.894008498330122,-0.441151573708532,-0.777728157583874,-0.331637506217737,-0.533999510646661,-0.623702508390969,0.301272915117176,0.721269583195917
-0.0815995860840007,0.895979261159775,-0.436534845255798,-0.780042199570949,-0.330046708260855,-0.531604493260441,-0.620383489818544,0.29713689427225,0.725833308427497
-0.0797026740851008,0.897119171182407,-0.434539614351415,-0.780591667646942,-0.327281521492573,-0.532506764360484,-0.61993881322583,0.296755789137295,0.726368962352916
-0.0733963490221038,0.895706738322499,-0.438545795640428,-0.7804549759402,-0.325349236140781,-0.533889412774585,-0.620888884165602,0.303079714706017,0.722938226996825
-0.0771999908672176,0.896395528249245,-0.436480490222483,-0.781085421391257,-0.326456037069962,-0.532289414088442,-0.619633541619676,0.299835809728147,0.725363881996149
-0.0691152780010289,0.901822933541809,-0.426542465511802,-0.781687586392968,-0.314608500757988,-0.538503489802941,-0.619828682480874,0.296204131957772,0.726688046265498
-0.0618788720843825,0.903724596474866,-0.423618766010083,-0.782874976443485,-0.307215810082888,-0.541040864717007,-0.619094319508891,0.298161533000915,0.726513539991078
-0.0529454347776148,0.903895888961775,-0.424463193756786,-0.786188787899488,-0.299813219325371,-0.540388030306825,-0.615714195643841,0.30509712459438,0.726506554579447
-0.055140444153529,0.901335329957988,-0.429597665715348,-0.787214215846425,-0.303911571487706,-0.536592522390288,-0.614209499916641,0.308597439531499,0.726301804022785
-0.0520224438827948,0.900864663929993,-0.430971603025957,-0.791739800791888,-0.30022377450547,-0.531990388130942,-0.608639263582693,0.313541931014004,0.728868784021875
-0.0426163122292325,0.90001602243755,-0.433768382074665,-0.794780867514789,-0.29362005183254,-0.531140883188534,-0.605398399869391,0.322115545290116,0.727828518895785
-0.0377628869091025,0.906205468464911,-0.421147970785307,-0.794860245575379,-0.282658034669097,-0.536937263971175,-0.605616342560319,0.314477478305355,0.730980684602929
-0.0309917811087209,0.906134083392042,-0.421853686032222,-0.7949745488094,-0.278172539230555,-0.539106209538821,-0.605850622058771,0.318655082076668,0.728974596551699
-0.03344478500692,0.903586151009448,-0.427098951134011,-0.795245865726456,-0.282899252092147,-0.536238777235183,-0.605363906589104,0.321714284528423,0.728034655582785
-0.0269140702427494,0.900673104978855,-0.433662992184849,-0.794937944192982,-0.282314723647446,-0.537002850731821,-0.606093472745916,0.330282235034848,0.72357746476461
-0.0279202618300465,0.896862749182368,-0.441426854765754,-0.79180512319627,-0.289383009427461,-0.537868125784421,-0.610135317662796,0.334506626218003,0.718220168998872
-0.0232769945539259,0.901782097909456,-0.431563702614755,-0.794022560451684,-0.278968422442964,-0.540097021629851,-0.607442470542098,0.330099480717107,0.72252887680148
-0.0141732000221762,0.899612479042255,-0.436459056444679,-0.786171933705665,-0.279744367185335,-0.551068761300776,-0.617845297023961,0.335321452608574,0.711214955105592
-0.0144066795677079,0.896527963301886,-0.442752818852242,-0.785973952656366,-0.283872409117709,-0.549237108257842,-0.618091735367463,0.340079500057679,0.708737285819617
-0.00315569139698938,0.894066409404929,-0.447923316188815,-0.782301576245439,-0.281217777694427,-0.555806445907664,-0.622891872972917,0.348657162671852,0.700316997867326
-0.00197903772249457,0.889782870237776,-0.456379805908541,-0.775527760736623,-0.289484072782922,-0.561030893919266,-0.631310364033834,0.352824907619115,0.690624216797407
0.00084190206345375,0.887723791658111,-0.460375673689502,-0.773512977014624,-0.291198950853158,-0.562921704513153,-0.633779903113762,0.356580482845273,0.686420711854576
0.00016737068584194,0.886257368660909,-0.463193100640861,-0.771562635458615,-0.294547397538903,-0.56385541601302,-0.636153339652643,0.357476862324404,0.683753772458689
-0.00949850174816945,0.88521248408949,-0.465089923000547,-0.769038781402658,-0.303747271341117,-0.562420614710682,-0.639131544490847,0.352330034434961,0.683647874034436
-0.00214881347293995,0.886047257152192,-0.463589948870482,-0.768504104078181,-0.29808854216139,-0.566166638938652,-0.639841249542143,0.355054191814679,0.6815714902042
0.00999665638795948,0.886449833486019,-0.462716716332651,-0.770233094698303,-0.288270466331821,-0.568894645846055,-0.637684127678065,0.362086772685008,0.679891257742016
0.0189070995362644,0.888159604483683,-0.45914598827662,-0.77004161913133,-0.279972709121164,-0.573281071511136,-0.637713435951231,0.364400602511501,0.678626388004865
0.0293053647274237,0.890069800077408,-0.454881244489544,-0.767533442171265,-0.271491003978095,-0.580676372782375,-0.640338668789354,0.366153500255193,0.67520219453431
0.0271191852676023,0.891912487848998,-0.451394133556732,-0.768003836149302,-0.270456407777966,-0.58053719876662,-0.639870813094626,0.362416122034948,0.677657654748157
0.033705303913365,0.893874311933202,-0.447048841799251,-0.768301190119153,-0.262904886899206,-0.583604576495086,-0.639200464447266,0.363138726811751,0.677903408561972
0.0270688538404987,0.894948823025725,-0.445346922428606,-0.767777870906091,-0.26668198887465,-0.582578627960871,-0.640144060425988,0.357697247647686,0.679903126133862
0.0178659689601608,0.893994511914321,-0.447721587395772,-0.765639245895291,-0.275754020195969,-0.581168018296475,-0.643022046510075,0.353176348320265,0.679550671171148
0.0142789350764937,0.89055570209904,-0.454650034061328,-0.76323827012518,-0.284037862339814,-0.58033596801659,-0.645959329237843,0.355292885119185,0.67565043532457
0.0173258066890853,0.888534168776183,-0.458483202898199,-0.761791737898452,-0.285267438942292,-0.581632045496946,-0.647590275168048,0.359345960317525,0.67193550011236
0.0317667401717344,0.897670659432292,-0.439520490322415,-0.761669233651334,-0.262997477053812,-0.592192794259031,-0.647186876201806,0.353581269664732,0.675373550721691
0.0532463363855029,0.910327018880541,-0.410450418878564,-0.756994001272349,-0.231268305674213,-0.61112605314146,-0.651248731053813,0.34324872831031,0.676797902489475
0.0561207719258619,0.907413820767154,-0.416474029009254,-0.755128704209397,-0.234311580340967,-0.612273405756902,-0.653170038380116,0.348852750023378,0.672064475897695
0.0637993885232831,0.905581177831684,-0.419347550822746,-0.751726013891088,-0.232768368640386,-0.617030701505128,-0.656382234725675,0.354600644271093,0.665898449479389
0.0656638584788016,0.909123831957271,-0.411317536529874,-0.750118145455542,-0.226860312883773,-0.621174022554561,-0.658035732728865,0.349325430802862,0.667053759337567
0.0586964408978892,0.901170855794042,-0.429471554929258,-0.752811107358331,-0.242583139115534,-0.611905921898765,-0.655614341258521,0.359227656624998,0.664172662981448
0.0646472003308509,0.900830453061246,-0.429331147631816,-0.750945491205046,-0.239421506286738,-0.615433352659897,-0.657192215967441,0.362190332787692,0.660996636986109
0.0674927494601244,0.903102421553181,-0.424088133475924,-0.753188499180904,-0.232645672421689,-0.615291049670867,-0.654333105896324,0.360945989433655,0.664504461414542
0.0726945223647308,0.906149192224859,-0.416664310744753,-0.756463430773522,-0.222169167790808,-0.615145461484918,-0.649983526191639,0.359909019494338,0.669318245206349
0.0747207374570147,0.906825453827976,-0.414830577083663,-0.757799658216983,-0.218764931395839,-0.614720735617074,-0.648194792790024,0.36029085622738,0.670845741969671
0.0760644928063691,0.907536068397365,-0.41302842213577,-0.757960135008458,-0.216510520181916,-0.615320752444216,-0.647850775003063,0.359863139552262,0.671407398022631
0.0822383209098393,0.906805635822399,-0.413449389181633,-0.755141364590268,-0.214034059350555,-0.619637749755994,-0.650383254749597,0.363170704047915,0.667164643594565
0.0815233616663211,0.90672519319089,-0.413767284274101,-0.752087148818538,-0.216449500392549,-0.622506654070315,-0.654002188134432,0.361937892203564,0.664290674405878
0.0810310280525347,0.907096496358591,-0.413049535512046,-0.749322726802273,-0.2178207424462,-0.625355559068433,-0.657228593101636,0.360180608103981,0.662057781432626
0.0833133067175961,0.909204867221896,-0.407928182826088,-0.745532870856724,-0.214756208509377,-0.63092036690759,-0.661240978309656,0.35668793128825,0.659950064987797
0.088481846804109,0.909935299372427,-0.405202065323151,-0.741858957143704,-0.211259664463963,-0.636407606708334,-0.664692598493311,0.356913301974844,0.656351006993685
0.0832675517447425,0.91166462924827,-0.402410385805399,-0.73865715868588,-0.214594685412374,-0.639010737714842,-0.668918617433047,0.350452171872822,0.655538830643222
0.105338976915627,0.912409419099265,-0.39549052059602,-0.733230407193685,-0.197397173129418,-0.650697722454211,-0.671771441718797,0.358529507822518,0.648212713630018
0.107845816179017,0.912071254361925,-0.395594877241032,-0.729031782763084,-0.197987547875386,-0.65522026113939,-0.675930425157768,0.359064002446579,0.643576803880533
0.111847409868763,0.91202522165774,-0.39458858570136,-0.72686662750768,-0.195679050247434,-0.658311943617821,-0.677609815986501,0.360443760321097,0.64103450213255
0.108152909497441,0.912207166205925,-0.395197462149993,-0.720590858561496,-0.201930322075431,-0.663304575277541,-0.684873537760691,0.356513998251218,0.635488793234064
0.107473196977999,0.910791304051982,-0.39863355653359,-0.720220809969083,-0.205080822721976,-0.662739648006029,-0.685369605992858,0.35833093170276,0.633930159060307
0.101428079698676,0.909863635592927,-0.402318914885019,-0.718102000495575,-0.212919259939721,-0.662566906531691,-0.688506980017554,0.356108906617543,0.631778905230909
0.102262218059862,0.910320082825112,-0.401073292008779,-0.716695190030919,-0.212180427190717,-0.664324823338486,-0.689848130637478,0.355382629179377,0.630723983635893
0.102611209454578,0.910845798093925,-0.399788533838716,-0.713638054762717,-0.21257639982948,-0.667481835730398,-0.692958632595593,0.353795430058359,0.62820150205254
0.10413411938698,0.909825279922103,-0.401713884741572,-0.712835985790643,-0.21338850769972,-0.668079487893147,-0.693556733469859,0.355925982187805,0.626335175973908
0.10220132253642,0.910078339330845,-0.401637032596122,-0.711770475448822,-0.215157213348506,-0.668648011904218,-0.694937176981606,0.354210092776755,0.625777540523722
0.099831719588194,0.9108989272798,-0.400370793196225,-0.711595031425928,-0.215883853131415,-0.668600533358347,-0.695461098131302,0.351649408129239,0.626639094494079
0.0972562100938561,0.909048005517204,-0.405182617178197,-0.712044986293775,-0.220887030848724,-0.666483951117154,-0.695365491732281,0.353327954269158,0.62580043914965
0.0935429769943724,0.909787072986664,-0.404397321061094,-0.713207998553143,-0.222174930208871,-0.66481023697481,-0.694682706172286,0.350607732677194,0.628084513049086
0.0875913606561688,0.90959590039219,-0.406156437260475,-0.715338771863274,-0.226317945178356,-0.661113174244312,-0.693266323289646,0.348447249494049,0.630845717519337
0.0863552820771625,0.91161972918998,-0.401860964276155,-0.713991564566387,-0.224684239505248,-0.66312369754518,-0.694808470720829,0.344189572575254,0.631486125853171
0.0875019093656104,0.913256037168927,-0.397877903925162,-0.714217081202539,-0.220916804369352,-0.66414586234182,-0.694433133408753,0.342285226268593,0.632932419064121
0.0818018888809039,0.916880912823684,-0.390688933392186,-0.713536507777377,-0.219805348319129,-0.665245263732987,-0.695826201751832,0.333189136302362,0.636247511905316
0.0811165391169216,0.919944779368109,-0.38356447957945,-0.713328536163808,-0.215192168502786,-0.66697430993215,-0.696119606516073,0.327710136444435,0.638767218864179
0.0776186604452888,0.920841900581543,-0.382132879616569,-0.711642057507551,-0.21726564213674,-0.668102703731492,-0.69824130895923,0.323799065595134,0.638445956665573
0.0735947709636314,0.919895525677163,-0.385196094899658,-0.713303644761513,-0.221382891327762,-0.664971823310809,-0.696980430182048,0.323700227473655,0.639872208082795
0.07087636499792,0.919837624537486,-0.385843602214572,-0.705813478295527,-0.227084641470217,-0.671014082910867,-0.704843156128405,0.319892654016278,0.633138859307633
0.0683825256769402,0.920759152621149,-0.38409167271164,-0.707819669211079,-0.226537728422788,-0.669082934679224,-0.703075491010718,0.317621221686188,0.636240216800708
0.0620857733985205,0.9190069535491,-0.389321943987119,-0.711456198355215,-0.232822236550852,-0.663041389348662,-0.699982453039684,0.318150947658279,0.639378244813417
0.0652188906970709,0.92115747780605,-0.383686587435944,-0.715522047220965,-0.224839068936167,-0.661419377566637,-0.695539140693723,0.317673250623835,0.644444729671306
0.0640839017409684,0.918836034812797,-0.38940158534237,-0.716770654849067,-0.229119738160998,-0.658592418672031,-0.694358035803499,0.32131680117064,0.643911819584463
0.0631814055606265,0.918197271321707,-0.391052273908175,-0.711765132826392,-0.233207842460564,-0.662574145215098,-0.699570229272239,0.320199739463135,0.638806403508706
0.0649250420486773,0.919104879205588,-0.388627019049704,-0.714224014409937,-0.229180162308226,-0.66133237516738,-0.696899416096133,0.32050378191974,0.641567244815392
0.0677949832192736,0.922215175403581,-0.380687549711887,-0.717626991570162,-0.220006179183653,-0.66076378690949,-0.693120004919969,0.31798813087339,0.646891186679329
0.067584972299525,0.924125047608216,-0.376065377165174,-0.717990997917706,-0.216670501177965,-0.661470196477835,-0.692763450557554,0.314717000339038,0.648869795312734
0.0683736411684528,0.92412730310191,-0.375917242029356,-0.720351902970324,-0.214958358543648,-0.659458899385893,-0.690230527490925,0.315882306807156,0.650999375703071
0.0696735935640754,0.92335544024717,-0.377571610857892,-0.719839246868614,-0.215500620093723,-0.6598416032707,-0.690635250351077,0.317764399681865,0.649652782082344
0.0673213281529507,0.923001842727921,-0.378860709359765,-0.72040314274512,-0.217742798898845,-0.658488713229507,-0.690280486975169,0.317262780433758,0.650274693843121
0.0684516053074842,0.92447201249789,-0.375054497158651,-0.722821582992241,-0.21315847148546,-0.65733737547364,-0.687636049732283,0.316093283924354,0.653637283947679
0.080108584603309,0.919657621209584,-0.384463879218821,-0.724844517382515,-0.211018288459913,-0.655798526649731,-0.684239022778856,0.331211626738221,0.649704408188876
