X1,X2,X3,Y1,Y2,Y3,Z1,Z2,Z3
0.532307422521996,-0.730111661047656,-0.428469100788169,0.730653103680956,0.141204696354455,0.667987481775543,-0.427203630661215,-0.668637020066968,0.608622701963903
0.534955552134504,-0.728338383449171,-0.428188926100519,0.730908270854599,0.145318122675159,0.666825121616236,-0.42345074835402,-0.66968867316474,0.610087325514365
0.537370791049083,-0.726375858184399,-0.428498244540349,0.731479861424091,0.149207795911026,0.665337693183218,-0.419349992975255,-0.670970933000721,0.61150927258693
0.539321578985708,-0.724833155726048,-0.428659691131066,0.731968212764985,0.152413125049541,0.664072868602736,-0.416008698211496,-0.671914141828251,0.612754558549818
0.540250628678765,-0.724079951533494,-0.428762733921049,0.732092002322972,0.153935932481232,0.663584982369157,-0.414486636250681,-0.672396046339849,0.613257193383115
0.540226442150701,-0.724378386547151,-0.428288856152646,0.732181967963082,0.154350796514488,0.663389325664086,-0.414438194258881,-0.671965882928616,0.613761220116914
0.539544097986138,-0.724862611952117,-0.428329732942134,0.73235991443189,0.153829818388485,0.66331390962943,-0.414921616264268,-0.671578709658022,0.613858362401876
0.538805524210294,-0.725234361428387,-0.428630059706537,0.732587655796039,0.152877836694498,0.663282514184472,-0.415507276947812,-0.67138944222802,0.613669226593744
0.537681106086607,-0.725565174357672,-0.429481321965,0.733404833042072,0.151839298591768,0.662617671265784,-0.415560198991136,-0.671260736960134,0.613774179996345
0.536429931739864,-0.725652079878618,-0.430896724635267,0.734586698203147,0.1507640222519,0.661553166735242,-0.415093742733708,-0.671407978454671,0.613928750923699
0.53523469750086,-0.725486868645057,-0.43265762678445,0.736035414040284,0.149964163931295,0.660123184576133,-0.41402760524813,-0.671772237304344,0.614250114594711
0.534404760868666,-0.725209702352008,-0.434145642815192,0.737423126503116,0.149688870753419,0.658635236281006,-0.412661928526753,-0.672126901667416,0.614780904712842
0.533516995802819,-0.724975949676982,-0.435625398225923,0.738776054351579,0.149451530738666,0.657171348642484,-0.411328587317845,-0.672441773905376,0.615329874101768
0.532867901518483,-0.724792484233442,-0.436723773488466,0.739570161086515,0.148788723318171,0.656428132124009,-0.410794641093486,-0.672777413680644,0.615319684789994
0.532145460496981,-0.724844057095012,-0.437518344491404,0.740000413926263,0.14773292424778,0.656181659666102,-0.410993542714544,-0.672947897866012,0.615000353337023
0.531338958609924,-0.724900849978908,-0.438403545564105,0.740437547402155,0.146680542511772,0.655924581675007,-0.41117506136665,-0.673128803039003,0.614680960685631
0.531270131900457,-0.724628423749972,-0.438937005097658,0.741098183866872,0.147114256305982,0.655080817503277,-0.410116325155606,-0.67332034874987,0.615178273186087
0.531840054062667,-0.72387344880225,-0.439492192210232,0.741540884068864,0.148375239662136,0.654294968274685,-0.408417064870026,-0.673881813901844,0.615693756680472
0.532865944870715,-0.723080017539509,-0.439555654078188,0.741309748423289,0.149504394374218,0.654299849423335,-0.407395740633032,-0.674501157598256,0.615692211184026
0.534272437066832,-0.722233698189417,-0.439239625022956,0.740680205320926,0.150628557234116,0.654754817615967,-0.406724050455468,-0.675153694011135,0.615421023563721
0.535785934864514,-0.721576380596423,-0.438475722209024,0.739897911039424,0.152061384170608,0.655307879308356,-0.406179544014776,-0.675532151241218,0.615365331054131
0.537718254825518,-0.720768551287334,-0.437437737172453,0.738745406194719,0.153750442652029,0.656213399901667,-0.405721817425868,-0.676013178926397,0.615138999562276
0.539730639457705,-0.719877070618647,-0.436426213727009,0.737633534440582,0.156161997915875,0.656894359296543,-0.404730191925692,-0.676468947954227,0.615291178384262
0.54178714068508,-0.718849850156555,-0.435570415797703,0.736685061787056,0.158181854290487,0.657475186385787,-0.403726788916644,-0.67709013149336,0.61526712389446
0.543578955192826,-0.717734345468267,-0.435177353278769,0.735947020209226,0.159994500809436,0.657863012454645,-0.402545127984928,-0.677868357292712,0.615184452109185
0.545095957192229,-0.716455966786164,-0.435386317089997,0.735303960416807,0.161081941739811,0.658316560509221,-0.401522252733747,-0.678987483366347,0.614618481654638
0.546397297043175,-0.715066337801738,-0.436039133939515,0.734750349505995,0.161755764067893,0.658769304606423,-0.400532331709307,-0.680330388368084,0.613778798850561
0.547323564162735,-0.713839176073064,-0.436887338813485,0.734369937613506,0.161875530635472,0.659163945700172,-0.399816186991459,-0.681613755448556,0.612821103588091
0.547892156310482,-0.713070436836519,-0.437429693966042,0.734143231933373,0.161890567394703,0.659412738120096,-0.399392534697799,-0.682424050589885,0.612195245329594
0.548427909071722,-0.712592816586333,-0.437536634238525,0.733685032114003,0.161908340523532,0.659918148652384,-0.399412706346141,-0.682932643479109,0.611614661760073
0.549057649595276,-0.712575809373308,-0.436773869773464,0.733231192694833,0.162628615234365,0.660245372241461,-0.399443512547037,-0.682769957739105,0.611776156035053
0.549537628768499,-0.712595196341901,-0.436138144075869,0.733019002861041,0.163699848372854,0.660216253274114,-0.399071811728949,-0.682512297788708,0.612306012097343
0.550683477711428,-0.712223589729299,-0.435299053075881,0.732095505157739,0.164794655733654,0.660968148074823,-0.399022897740576,-0.682665998673568,0.612166530719978
0.553310325471655,-0.711342949721906,-0.433403843554011,0.730349872712097,0.167239330980378,0.662283979575725,-0.398629583332206,-0.682986227167869,0.612065575564736
0.555808097492466,-0.709819107806229,-0.432705665499049,0.728918379945799,0.170626063293129,0.662996788757141,-0.396778544568897,-0.683908888403591,0.612238041069283
0.56033049368257,-0.707918385802669,-0.42997825165,0.726452193491992,0.175931505003261,0.66431567505062,-0.394636496385576,-0.684598334402101,0.612851659257267
0.565570454329306,-0.705686194549951,-0.426775182047118,0.723730149471999,0.181989600411633,0.665653405374939,-0.392075770480114,-0.685347455595885,0.613657441338954
0.571298544636389,-0.70288352105162,-0.423760225517237,0.721529035676459,0.189706304380687,0.66588840563117,-0.387654124404688,-0.686180142769874,0.615533176604113
0.576675407216355,-0.699784527058402,-0.421600629033567,0.720004674280274,0.195649177081675,0.665818795560639,-0.383444991058083,-0.687517750044596,0.616675994510961
0.581660296378405,-0.696509538544788,-0.420173490754846,0.718790799474984,0.202810765634666,0.664986902076119,-0.377955268353218,-0.688815605844407,0.618613672876092
0.586136192594147,-0.693182906115461,-0.419454195831394,0.718091580946677,0.209661473201305,0.663616265644959,-0.372065515973183,-0.690178725878106,0.620661403801528
0.591605250692871,-0.689614357857744,-0.417654480149652,0.716036219501307,0.216408741895055,0.663671145066346,-0.367294523151617,-0.691689805874342,0.621819865967904
0.597650632276991,-0.685545332813044,-0.415741889153795,0.712852039292839,0.222209603561715,0.665180323041043,-0.363630893682478,-0.693910695726421,0.62149860781514
0.603756444187455,-0.681283187688089,-0.413921942249594,0.70908074474384,0.226512501375504,0.667754883287373,-0.361172906892725,-0.69666775769094,0.619845276436417
0.608438378284565,-0.677300590010459,-0.413602043759376,0.705669269321318,0.229490252664902,0.670347004369615,-0.359110780518913,-0.699734986405503,0.617584323080814
0.617219975745835,-0.672724385396231,-0.408021326444554,0.697987495995228,0.234593619079284,0.67659388803151,-0.359443701454689,-0.702404356650785,0.614351971790234
0.628740879150808,-0.668276247265907,-0.397607550512898,0.685185570975291,0.238658630486275,0.688158987023842,-0.364988799747768,-0.705110512785398,0.607949291321403
0.634704358047024,-0.664494110703769,-0.394459065957575,0.677315772284561,0.236939016629054,0.696493536950218,-0.369354076609908,-0.709242685759551,0.600460139216769
0.63193443085321,-0.661702510644584,-0.403495554509444,0.679446600889787,0.227779254205568,0.697473245288212,-0.369613313158993,-0.714913811329808,0.593535374771816
0.627647694858524,-0.657596625678286,-0.416683391840033,0.683148475666607,0.215263925224736,0.697832073418262,-0.369197447631107,-0.722653883494901,0.5843497320376
0.623315598440925,-0.654329356871296,-0.428171411325684,0.686247583705298,0.201689363564156,0.698845944742992,-0.370920003401912,-0.729437511506988,0.574751483584705
0.620072479212947,-0.649918566980017,-0.439449629442728,0.68805536653671,0.187769460108768,0.700943965257206,-0.373043459696893,-0.737006048931263,0.563613929047271
0.617364147234103,-0.646654089698249,-0.447995533444741,0.68816259658252,0.17445233829776,0.704271696383752,-0.377268580912706,-0.743090348826146,0.552707111712477
0.615441980457086,-0.64386742490101,-0.454605221970011,0.686701950296898,0.161530871232124,0.708765270803689,-0.382920556539332,-0.748387010834617,0.541561381002777
0.613783517894439,-0.641492320881674,-0.460171050166099,0.684827318819656,0.149187570533749,0.713270364025114,-0.388908171036992,-0.752936160710713,0.530883765427869
0.611733728027474,-0.639953206497858,-0.465017999099733,0.683157567781921,0.137130857597977,0.717280186173251,-0.39525971598149,-0.756469407131295,0.52107944979308
0.608700383742798,-0.639122018425773,-0.47011369730602,0.682317085146742,0.125698280404091,0.72016896463282,-0.401185917147502,-0.759138573502143,0.512599732836108
0.605004536650562,-0.639072351164002,-0.474927405621062,0.682619181456042,0.115351736372341,0.721612797852262,-0.406381496681316,-0.760778085397446,0.506034370309023
0.600953415295566,-0.639665992229544,-0.479251928561157,0.68320653319615,0.105992661001221,0.722491791518754,-0.411358732634087,-0.761616570522723,0.500723668894214
0.597283223872372,-0.640960204857686,-0.482102443749686,0.68346808217002,0.0982648054079001,0.723336303992121,-0.416258606215419,-0.761542888868502,0.496770773260076
0.594382589044969,-0.642900220773683,-0.48310314009469,0.683066218884562,0.0921516950341416,0.724519568901408,-0.421277255270476,-0.760637292702042,0.493919409562616
0.592601437013796,-0.644407184858462,-0.483283474735043,0.681937555309886,0.0875335112990768,0.72615360293648,-0.425637317236037,-0.759892779128975,0.491320504766239
0.592958055351993,-0.644703086589459,-0.482450696688488,0.679982520525629,0.085433180307519,0.728234126831581,-0.42827970534959,-0.759874259536922,0.489047649701829
0.593961430970139,-0.644321943566953,-0.481725078813642,0.678133687603548,0.0846800203511479,0.730043831485852,-0.42959333697735,-0.760296424358179,0.487235992033463
0.596088872642347,-0.643205388327074,-0.48058806096177,0.676844016247196,0.085550915172342,0.731138303321294,-0.429159207619655,-0.761109858558701,0.486347774457768
0.597914283964795,-0.641903450210454,-0.480060902010132,0.67610536210989,0.0877862758009113,0.731556634244582,-0.427448280769039,-0.761984032526558,0.486485664169211
0.599863210178289,-0.640175818951388,-0.479936506117754,0.675914334670661,0.0899551771012275,0.731469670115859,-0.425098584606523,-0.763181591758434,0.48666729021642
0.60137390315315,-0.638957398904315,-0.479669543531563,0.676641289619807,0.0933928549222759,0.7303658944879,-0.42187700327757,-0.763790862860805,0.488511322198253
0.602621364096441,-0.637975834650984,-0.479410394063296,0.677504196040539,0.0971716748456725,0.7290718277064,-0.418547292785735,-0.764160822119676,0.490791607140051
0.604585611563877,-0.637665946294394,-0.477345136380803,0.677632624598664,0.102303393624075,0.72824998574152,-0.415548283471989,-0.763757950301946,0.493956898376827
0.606775934062833,-0.638925059980748,-0.472861220201841,0.67669735342641,0.108554496062383,0.728214675250598,-0.413945381325063,-0.761850734360124,0.498229545324832
0.609773001310984,-0.639749751597086,-0.46786444853575,0.6749011986257,0.115116427571391,0.728873500819445,-0.412439768711276,-0.760213366935852,0.501965211859792
0.611838794945538,-0.640810153896623,-0.463697784836825,0.67383909778111,0.120877711799927,0.728923486445288,-0.411052921354338,-0.758445196907021,0.505763165063188
0.612187513819793,-0.642673294229317,-0.460648982206167,0.674027685271777,0.124901536542854,0.728070247748392,-0.410377415690664,-0.756209140509148,0.509645084839899
0.610968611150868,-0.64475618168555,-0.459354789206175,0.674810719690313,0.126307801517696,0.727101665427062,-0.410785234348309,-0.754217565810483,0.512261022003738
0.608586997850342,-0.646969290503814,-0.459404618166273,0.676086380769569,0.125083849971448,0.726127561943647,-0.412320058556687,-0.752512508786315,0.51353392627161
0.606254403349962,-0.648550229227389,-0.460258838685238,0.676510054361783,0.121837564840037,0.726284898742406,-0.414957492775887,-0.751686902070323,0.512617869806613
0.603818012258957,-0.650094013723653,-0.461282539656892,0.676215482125379,0.116626359241031,0.727413853362805,-0.419091638101941,-0.751155476529023,0.510027106096811
0.601458277533723,-0.651614709005958,-0.462218791692038,0.675315405318145,0.110905454212852,0.729142704527605,-0.423859585304208,-0.750696032676573,0.506752916586968
0.599069797658466,-0.653057607481605,-0.463283000814671,0.674188811192584,0.104394972613547,0.731143718126434,-0.429116503084111,-0.750349748061984,0.502826294424011
0.595610711825121,-0.655054133574649,-0.464921457932346,0.67381061258693,0.0978742478133552,0.732393261834239,-0.434255745021011,-0.749494339359438,0.499680080836136
0.592301823266691,-0.656934855648868,-0.466492385348952,0.673555894664299,0.0912466129894956,0.733482455400892,-0.439286532249416,-0.748655426401072,0.496530356679741
0.589492083537503,-0.658249430915889,-0.468195226530046,0.673262934968054,0.0860529126603265,0.73437859215862,-0.443117588737919,-0.74813368961495,0.493905643837176
0.587267309181866,-0.65866135336516,-0.470406557298542,0.673369904640237,0.0808752532104263,0.734868807980681,-0.445988178956093,-0.748326651578541,0.491021146966886
0.586157176327494,-0.65822642066789,-0.472395749107162,0.672620579530108,0.0761732090952872,0.736056518352162,-0.448510834021326,-0.749192734907977,0.487389246625939
0.586410902206482,-0.657092561697139,-0.473657702497987,0.671467117337592,0.0726789611698746,0.737461645740043,-0.450158071562227,-0.750505221404999,0.483838426803009
0.586677786097594,-0.655350261388131,-0.47573649239693,0.671028646288622,0.0703384677160042,0.738087431013036,-0.450246058221894,-0.752257064939939,0.48102785293951
0.587184568530534,-0.653415651881682,-0.477768006835585,0.671788937267376,0.068936347192354,0.737527900354248,-0.448978642544308,-0.754027538322861,0.479437847890461
0.587742640805527,-0.651110640266984,-0.480222367565343,0.67359904519263,0.0697688350510329,0.735796599592033,-0.44558227545579,-0.755939478842785,0.47959560061216
0.587870431449245,-0.649802197522695,-0.481835511271591,0.675270473075538,0.0708918907168618,0.734155384113559,-0.442899332984678,-0.756960580771679,0.480469416299862
0.588245125283231,-0.64952655116496,-0.481749864465231,0.67579517880394,0.0720376872940958,0.733560800421252,-0.441764621810802,-0.757080459019351,0.481324420206796
0.588750692301002,-0.649722109992089,-0.480867759475013,0.675561273333952,0.0733809883544927,0.733643098869966,-0.44137922995905,-0.75679132890485,0.482131994224806
0.589680899361147,-0.6500581361524,-0.479271172250842,0.675327466386074,0.075935285273445,0.73359842256851,-0.440489668193298,-0.756256776476167,0.483781500523568
0.590837520903015,-0.65014308816541,-0.477728990960276,0.675577020317385,0.0794690016123486,0.732994111437343,-0.438587987272794,-0.755825871278675,0.486176747413769
0.592624842637517,-0.649825677817791,-0.475943677694648,0.675773566564721,0.0838831437631952,0.732320766416466,-0.435958629188732,-0.755624136093005,0.488847868553788
0.594993765826914,-0.649142017869758,-0.473916721864809,0.675685591550615,0.0886455332236771,0.731840796082307,-0.433059202757401,-0.755661492020476,0.49136080061856
0.597564160385121,-0.648490489041177,-0.47156882832346,0.675092707895303,0.0935116446335275,0.731782350200194,-0.430457871867768,-0.755641609446332,0.493671731639992
0.600493359447078,-0.647997889704067,-0.468515165388526,0.674132364790963,0.0989055579639689,0.731958499742424,-0.427969856583333,-0.755379303290856,0.496229694814671
0.603322784909062,-0.647597777538715,-0.465423179199845,0.673302715712469,0.104329583446532,0.731969118906042,-0.425465036365691,-0.754985878320527,0.498974775281199
0.60608226644937,-0.646888957391231,-0.462816338411773,0.672700440788639,0.109672805319625,0.731741752762608,-0.422598053211192,-0.754833812081122,0.50163413117649
0.608809939612739,-0.645899652338186,-0.460612740312448,0.672226716912988,0.114812782836495,0.731388587527674,-0.419520073073534,-0.754914036183345,0.504090970224372
0.610992192848818,-0.644981262888406,-0.459007310182168,0.671945678450759,0.119008324970398,0.730976076078478,-0.416840803852635,-0.755049781301536,0.50610628528007
0.61278095446811,-0.64430558961121,-0.457569458155702,0.671669709410687,0.122390780236155,0.730671128739427,-0.414773742621632,-0.755077867339513,0.507759940016596
0.613985533832908,-0.643940270702579,-0.45646762427516,0.671493777292439,0.124897389438061,0.730408617945524,-0.413328403042591,-0.754976397710256,0.509087684135755
0.614902577947675,-0.643626560774823,-0.455674960798239,0.67144510837048,0.126785560133626,0.730127994386571,-0.412157186378937,-0.754919081575117,0.51012119539378
0.615498567513503,-0.643248015658965,-0.455404769122623,0.671672401034352,0.12834305757992,0.729646657814442,-0.410896142968344,-0.754980056718674,0.511047427985706
0.616155243938158,-0.642362926136126,-0.455765933888596,0.67227967757113,0.129880023334363,0.728814938556779,-0.408969190483257,-0.755466030803427,0.511874279034985
0.616941952816487,-0.641042452547267,-0.456560183203886,0.672895144825907,0.130865674247947,0.728070257168463,-0.406976161404543,-0.756394726710312,0.512091223761212
0.617511708907332,-0.640385914510211,-0.4567112543602,0.672261379260827,0.130511256852103,0.728719047225483,-0.407055778051565,-0.757022485245455,0.511099354712594
0.618301262867139,-0.640546975638263,-0.455415327297596,0.670345454734234,0.129623162489365,0.73063999826413,-0.408977211219174,-0.757041866953546,0.509534348580031
0.618793866689957,-0.64145914241834,-0.453458177955608,0.668665683994457,0.129151023944383,0.73226103000388,-0.411151206198766,-0.756331038620473,0.508839901796798
0.619640701927531,-0.641867462633143,-0.451720666925533,0.667575014506505,0.130370432634411,0.733039664889532,-0.411623564569112,-0.755779145686053,0.509277845618162
0.621497443973755,-0.641293363202665,-0.449981943466962,0.666663881355533,0.133272195662465,0.733346978693771,-0.410320730519086,-0.755760463928211,0.510355777148941
0.624966016730902,-0.639173842938653,-0.448190000373217,0.664787747197413,0.137056868603605,0.734351867938499,-0.407951312667737,-0.756896785735965,0.510571231303953
0.629747835985398,-0.636125162021143,-0.445827815771159,0.662542947304518,0.142391802855735,0.735364819294842,-0.404302124688055,-0.758475015802078,0.51113153138577
0.635524880526816,-0.632334185983847,-0.443014224904259,0.660065695995778,0.149168433232146,0.736248637008366,-0.399471646372337,-0.760323203549352,0.512182613809788
0.641755638249659,-0.628680245739139,-0.439216176150365,0.657110123411399,0.157495960868666,0.73715758696517,-0.394261870019821,-0.76168887929938,0.514186375743395
0.647823713812811,-0.625623089937977,-0.434649496903234,0.654149176218741,0.167028769168556,0.737692514210616,-0.388918860082944,-0.762221020890913,0.517456505982674
0.653055597920889,-0.62343941288371,-0.429932185917041,0.652080051655806,0.17670202856525,0.737270641849713,-0.38367400833997,-0.76182956050931,0.521929091025335
0.65806916091009,-0.620911571483208,-0.425926988881125,0.650267710490145,0.186489427673255,0.736460180905938,-0.37784622210438,-0.761609216761642,0.52648232010692
0.663251635298126,-0.618168790557767,-0.421858524454241,0.648352657257,0.196007033567263,0.73567661008078,-0.372085498654238,-0.761452661983949,0.530793957434318
0.668140759063334,-0.615683524485481,-0.417757972701189,0.646152033538652,0.205059063026944,0.735145108277526,-0.366952168529177,-0.761116602436286,0.534834201886509
0.672742977733891,-0.613639872700519,-0.413355769938958,0.643698016970322,0.213372549241729,0.734931982008241,-0.36278530483585,-0.760497691305935,0.538544412387226
0.677138465477724,-0.61202398902067,-0.408546368768222,0.640786892371273,0.221345808347391,0.735117808036376,-0.359480353985576,-0.759569069500974,0.542059686525229
0.681858894068038,-0.61034604870969,-0.403170124643161,0.637737844126076,0.228648121868755,0.735534145050599,-0.356746547220573,-0.758647940008661,0.545146956486794
0.686364803425495,-0.608788478719773,-0.397844121229341,0.633653621861496,0.234957160082314,0.737074094259093,-0.355246221294725,-0.757997787501717,0.547027857058781
0.68962435280075,-0.607804556432234,-0.393690072524519,0.630477051800597,0.239045421532498,0.738482209397883,-0.354743312331138,-0.757488448397518,0.548058785989837
0.690585926765669,-0.607629584908253,-0.392272055208405,0.629046469320198,0.239405914836373,0.739584577568484,-0.355481466211592,-0.757504577709377,0.547557980427092
0.689727766471093,-0.608685024950186,-0.392145570624212,0.628840348373704,0.237485747095985,0.740378508726111,-0.357528568423289,-0.757257083231722,0.546566585748322
0.688358313057904,-0.610465052215198,-0.391784702187276,0.62818948767375,0.233935295994686,0.742059461811565,-0.36134932342136,-0.756918303214504,0.544519374055508
0.686948569783965,-0.61240287630212,-0.391234430448875,0.627462071741358,0.230301475552598,0.743809504432646,-0.365409398588019,-0.756444025064315,0.542465121798666
0.685400094045657,-0.613577814490996,-0.39210837359926,0.627036967161872,0.225802415655081,0.745545378160694,-0.368911313350281,-0.756863784576852,0.539501301646415
0.682073149234395,-0.614305114069518,-0.396743551833563,0.628968025472435,0.218050618131108,0.746225938215731,-0.371900422219244,-0.758520069286484,0.535105018143893
0.67688286180254,-0.615486861930184,-0.40373941371798,0.633011247802065,0.208942898454103,0.745412386093544,-0.37443326520709,-0.760128902086489,0.531040282953323
0.673162958130821,-0.61634649465543,-0.408617951547073,0.634966651521455,0.200371239021697,0.746102350906724,-0.37798244787555,-0.761707569505058,0.526242194865353
0.670107419243589,-0.617536697454518,-0.41183063748544,0.63620094065927,0.193428368376624,0.746882741406853,-0.381567870884396,-0.762498900372417,0.522495346237269
0.668147122950613,-0.618265564618561,-0.413916795624084,0.636456757833642,0.188190315795704,0.748002139334242,-0.384568930964838,-0.763215814467258,0.519238247708738
0.667516142060113,-0.618306820666474,-0.414872119582046,0.635683512791592,0.184575732701444,0.749558717154745,-0.386882055491309,-0.764070133878137,0.516254884387805
0.666994066051188,-0.618087003292543,-0.416037705278436,0.635377695853425,0.181469798393381,0.750575709627655,-0.388422891849787,-0.764970779074682,0.513758079497465
0.666103116011652,-0.617735897954366,-0.41798205609581,0.635838883912123,0.178704055048289,0.750848702745556,-0.389131204303295,-0.765912091672049,0.511815956832155
0.666018526020061,-0.617067695165949,-0.419102353346589,0.636020010814591,0.177288326475162,0.751030888272276,-0.389135004656043,-0.766758087283436,0.510544791117086
0.666275712890631,-0.616411224474062,-0.41965923885275,0.636075241963374,0.177344326053035,0.75097088930133,-0.388482787056989,-0.767288687418807,0.510244249668292
0.666822666647035,-0.615758182992699,-0.419749200503428,0.636189868994958,0.178285570792454,0.750650854815598,-0.387384259975487,-0.767591350845316,0.510624082110027
0.667401707760657,-0.614997091364897,-0.419944684560807,0.636502160207512,0.17967533205338,0.75005451475388,-0.385827733128621,-0.767883539747286,0.511362718365358
0.668106028347763,-0.613866047322936,-0.420479263257409,0.637152948983382,0.181355963586292,0.749096878963908,-0.383588792456341,-0.768385891978863,0.512291674058571
0.669057685632138,-0.612472631065836,-0.420997730981842,0.637843756170103,0.183444859081921,0.747999549726621,-0.38089943173992,-0.768985720418625,0.513397102341311
0.670406479548498,-0.6108034034971,-0.421277051897855,0.638178928594845,0.186304461708417,0.747006226644111,-0.377788231753849,-0.769648116164437,0.514701689557003
0.672190914048347,-0.609122361203875,-0.420867347453166,0.638147544005356,0.189536187124904,0.746219636467766,-0.374769531971501,-0.770177641508122,0.516114520651036
0.674323469189141,-0.60750848803994,-0.419787203068588,0.637430362985235,0.193163649670746,0.745902364113688,-0.372054464127654,-0.770564734219362,0.517499242608265
0.676457628094939,-0.605853312845516,-0.418744361999398,0.636758537116355,0.196519337819083,0.745599567645119,-0.369432656711812,-0.771005673717113,0.51871934921581
0.67788416051869,-0.60445115684834,-0.418463694844099,0.636386041445595,0.198654717691754,0.745351668269425,-0.367398953561716,-0.771566675611417,0.519329253949459
0.678173652171946,-0.603509449924245,-0.419352884039087,0.636943262105577,0.199228181445201,0.744722372818451,-0.365900138517848,-0.772155214981601,0.519512668381953
0.677780909473979,-0.602832954860584,-0.420957797512628,0.637938190187961,0.198843607353741,0.743973175130838,-0.364786862000955,-0.772796043413734,0.519342681276606
0.677875786061466,-0.602912122794101,-0.420691562619766,0.638102997963779,0.199422657704482,0.743676789730403,-0.364476375287568,-0.772565147679012,0.519903899243833
0.67841669987806,-0.60356932922537,-0.41887330560087,0.63706961551739,0.20053313440833,0.744263909503138,-0.365216955141571,-0.771772655066716,0.520560798147913
0.679439770914124,-0.604338018273973,-0.416097533480853,0.635646520395449,0.202454824661808,0.744960096300677,-0.365966791129091,-0.770646542324546,0.521701269496153
0.680734388348438,-0.604727300917688,-0.413407285911468,0.634014347222125,0.204956729703823,0.745666511562386,-0.36619436003831,-0.769707131097581,0.522926976750734
0.681812863626631,-0.605417525018976,-0.410610325482873,0.632717172998233,0.207565883804964,0.746046501817004,-0.366440998349088,-0.768464446186785,0.524579250138396
0.681619353408335,-0.607422449016902,-0.407962039275117,0.632745628398589,0.209916425992874,0.745364383265563,-0.367113142021738,-0.766191019593504,0.52742702096991
0.679922086400952,-0.610732609423263,-0.405846813725608,0.633696812893362,0.212052723937348,0.743950261509159,-0.368293822579938,-0.76301217157938,0.531198725780828
0.678110855064851,-0.61501062066187,-0.402402292136015,0.634619066930365,0.214736230426315,0.742392747291303,-0.370169112725136,-0.758796829342308,0.535912492636947
0.676677733181151,-0.619205107698512,-0.398361996200559,0.63524736540568,0.21829453654743,0.740815955591323,-0.371756809686673,-0.754352137990964,0.541063514164509
0.675626708906592,-0.622949490108522,-0.39428731020105,0.635717288332727,0.222326161354864,0.739212153100918,-0.37283148785466,-0.750086810593679,0.546229309207666
0.675479612683268,-0.625509906328034,-0.390467220051514,0.635640046937878,0.226517726358671,0.738005047661675,-0.373181766857886,-0.746704056933747,0.550607319460529
0.67636863415671,-0.62644703862379,-0.387413962743304,0.634618033729098,0.229927391694187,0.737830160548158,-0.373134515296172,-0.744905221265094,0.553070379632369
0.678549867381708,-0.626289638141488,-0.383837682664001,0.633066305754793,0.234138035931725,0.737839028954157,-0.372229952072543,-0.743655308502993,0.555357222799336
0.679430336531467,-0.626309244316868,-0.382244879997067,0.633216066793717,0.238094676412627,0.736443030938756,-0.370230636244959,-0.742405394100529,0.558357866243586
0.680754196935638,-0.62548370224579,-0.381239900298244,0.633480340564224,0.241924352115627,0.734966166549229,-0.36747815676927,-0.741839312161504,0.560922667779798
0.683048239829928,-0.622746411568912,-0.38161762137417,0.633358773754599,0.245020145567966,0.734044816052755,-0.363619771636957,-0.743088891649201,0.56178248529324
0.686029819646858,-0.618496667780935,-0.383177450405396,0.632879131982138,0.247929964494466,0.733481245163984,-0.358654543287313,-0.745695037145401,0.561520997074987
0.689539069592629,-0.613511651136761,-0.384888718235254,0.632203771194105,0.250747643425431,0.733105729758365,-0.353258968546961,-0.748833143884462,0.560764677704694
0.692323640130635,-0.6094619781374,-0.386321206408753,0.63155215251663,0.252835210112809,0.732950363379965,-0.349029774963559,-0.751420853112572,0.559950817212068
0.694577145270419,-0.606764323382679,-0.386522502757542,0.630621024193919,0.255112643771675,0.732962934146359,-0.346128982495618,-0.752848521668964,0.559833752910097
0.696241493689561,-0.605379575380675,-0.385698524986604,0.629629301722264,0.257472630535219,0.73299030480492,-0.344430553103062,-0.753185373918093,0.560427860304055
0.697232291276655,-0.604653983575412,-0.385046350648192,0.629179934550918,0.259079794733964,0.732809845675608,-0.34333866602235,-0.753202132315595,0.561074957816899
0.697313284842743,-0.604252420036805,-0.385529759761148,0.629531066769868,0.25989473948958,0.732219475538063,-0.342248255063723,-0.753289375859573,0.56162376029058
0.697451125729185,-0.603425685431919,-0.386573886055579,0.63017251830658,0.259998915214171,0.731630481362413,-0.340975840820293,-0.753884757930458,0.56159883167349
0.697089212745114,-0.602088895364054,-0.389301414785114,0.631676661706036,0.25931349477362,0.730575873187864,-0.338920517481959,-0.755189194875263,0.561090155655411
0.696547708147397,-0.600381396070175,-0.392891167535535,0.63383360896162,0.258633539803045,0.728946944735785,-0.336031356382376,-0.756773962656615,0.560692515531306
0.696116867566705,-0.599084950021512,-0.395624227451809,0.635064869518299,0.257166237549329,0.728394218653901,-0.334628824064448,-0.758294559390576,0.559475568102752
0.696438739401199,-0.598693314242375,-0.395650600584341,0.634110288678146,0.255570716690837,0.729786099184309,-0.335801353687739,-0.759137433897395,0.557626942782681
0.696831329112153,-0.598727188510925,-0.394907397380188,0.631946780938194,0.252949552490254,0.732570672329185,-0.338718354694855,-0.760038710149934,0.554626933412393
0.696747301300359,-0.599058026673993,-0.394553771757575,0.630393948480722,0.249125897970219,0.735214089010417,-0.342142340271064,-0.760982746048057,0.551220354496273
0.696511608592725,-0.599366857598302,-0.394500886067842,0.628609906181511,0.24479797500417,0.738189364109461,-0.345873223377126,-0.762144630707668,0.5472725785513
0.696221771417798,-0.599064348357352,-0.395470797317634,0.627164611908953,0.239766357860998,0.741064533766908,-0.349124749910401,-0.763970552893945,0.54264251889335
0.695390202027993,-0.598215658223186,-0.398209107354499,0.626807630760541,0.234345742054418,0.743097750771271,-0.351214109977181,-0.766343420996647,0.537927885546096
0.695421732235085,-0.596643798557374,-0.400505670344605,0.625909782747527,0.228894958921206,0.745549489733179,-0.353153752578833,-0.769151739029211,0.532623722141465
0.696301896664793,-0.594246909835348,-0.402534816944015,0.623645394264299,0.223067461100302,0.749204464756579,-0.355420020447612,-0.772711478877682,0.52592164765836
0.69772264003346,-0.592324025099492,-0.402908633407965,0.620429612974834,0.218051959250488,0.753339523993611,-0.358366089616165,-0.775598505051849,0.519635165067334
0.698659582998725,-0.590993079251194,-0.403239342526545,0.618366941056358,0.214408008505126,0.756076406256317,-0.360378213132146,-0.777589978892053,0.51524884107229
0.697659442676348,-0.590801525106197,-0.405246665596053,0.618667290760744,0.210812262496722,0.756841445299988,-0.361712137586896,-0.778730489035604,0.512584778323242
0.696414377008241,-0.591452940851421,-0.406436260998486,0.618975872587232,0.207428939003328,0.757523665913368,-0.363733001987323,-0.779124706295332,0.510551657822696
0.69517591694834,-0.592735746302863,-0.406687569947525,0.618311580279157,0.203586399572592,0.75910695399381,-0.367153804812846,-0.779172583321771,0.508023787839829
0.692621763917447,-0.594600633022907,-0.408319947292123,0.619464106325515,0.199134890329195,0.759348086471488,-0.370198169764653,-0.778880698632867,0.506258997352223
0.689879252998737,-0.596331577961921,-0.410433021828592,0.620528736272373,0.193714850359503,0.759880677613536,-0.37363396146758,-0.778911584824721,0.503680857154492
0.687333123702388,-0.597688123089777,-0.412725192566358,0.620840154044618,0.187132344216122,0.761274581786384,-0.377770630488727,-0.779485788655553,0.499691160642431
0.684538911943201,-0.598723817195157,-0.415856067358501,0.621550419092315,0.179435364052254,0.762547065205554,-0.381935971208369,-0.78046899125468,0.494967743986437
0.682128122004975,-0.598835093607448,-0.419640031257893,0.621928926584857,0.171984777370612,0.76395395583097,-0.385310824973978,-0.782100921222028,0.48974862652337
0.680266996899841,-0.598508476610168,-0.423112770257111,0.621517470707809,0.162892573278591,0.766278045604627,-0.389702206428175,-0.784246103764097,0.482794199463752
0.67871080096572,-0.59781705200631,-0.426575223123608,0.620794206141215,0.155380444149892,0.768421415108456,-0.393094063352364,-0.786351512973701,0.476579852072135
0.677615332820421,-0.596464050930008,-0.430195416845455,0.619843570768262,0.146999733072292,0.770833980993265,-0.396536252014084,-0.7889829959304,0.469323803968341
0.676378198505888,-0.595702527969637,-0.433187062083477,0.618871445654385,0.139179636324979,0.77306349195011,-0.400225186871052,-0.790970648723398,0.46280150459146
0.675587426928588,-0.594535692391903,-0.436014838105414,0.617760708815119,0.131805110095684,0.775241329907601,-0.403439847611914,-0.793096505263089,0.456326881411067
0.674933636411957,-0.593001955325764,-0.439105075602132,0.616887055746219,0.125070743405348,0.777050622287117,-0.405873536562156,-0.795336224281651,0.450229899788915
0.674855664300557,-0.59124887078067,-0.441581934823014,0.615546148047977,0.118931501894505,0.779075245069702,-0.408109585949666,-0.797577850118414,0.444202812751653
0.675331467190965,-0.589173807717981,-0.443623301598094,0.613838803113985,0.113290452358807,0.781260006141315,-0.410039949159343,-0.799923249969609,0.438166674053906
0.675699320008081,-0.587077096653974,-0.445837315088091,0.612394699991658,0.107959259039192,0.783145918593614,-0.411635091985935,-0.802200208852092,0.43247124293228
0.676711915374329,-0.585063221413324,-0.446947435992054,0.61076669248154,0.104765014481158,0.784849246095021,-0.412362286883343,-0.804098054616878,0.4282331875482
0.679037950329404,-0.582706866172107,-0.446497670910301,0.607591543383133,0.102801518066686,0.787568641003746,-0.413021234125515,-0.806077629814703,0.42385411980273
0.681411588995219,-0.580683040856688,-0.445517061900485,0.604715164549834,0.101747605144537,0.789915814888409,-0.41336065371743,-0.807669164186126,0.420480072275946
0.683082725642279,-0.579176186037224,-0.444919021234752,0.60229897554159,0.100080454588257,0.791972124933042,-0.414163943961306,-0.808957231053727,0.417200702118661
0.684376059378396,-0.577611683918142,-0.444965337920772,0.60004227152294,0.0974623262410853,0.794009047397614,-0.415261776067537,-0.810399244102178,0.413292538640432
0.682993762849484,-0.576199417848581,-0.448902829997383,0.600565791689955,0.0912707720422673,0.794349026576244,-0.416731950108585,-0.812131525935547,0.408383234646448
0.680350233212397,-0.57500870130057,-0.454410116080693,0.602698928363262,0.0843183203882873,0.793501368994833,-0.417955297712733,-0.813731728238775,0.403923313973578
0.678694646443171,-0.573357065343336,-0.458950163427639,0.604122720316719,0.0784549384659399,0.793019899767612,-0.418676897823484,-0.815481053392615,0.399625207896818
0.677714375404686,-0.571745377923371,-0.462396418880054,0.605237042072018,0.0746304152142504,0.79253922554588,-0.41862202909855,-0.816975109679379,0.396619801469594
0.677835368936996,-0.569967134503615,-0.464410032410782,0.605745127329478,0.0727890460712679,0.792322280065776,-0.417793970527791,-0.81837871634751,0.394594063336013
0.678471624756777,-0.568130700677145,-0.465729279032354,0.605898448394746,0.0727933949373527,0.792204640157033,-0.416173887204973,-0.819673263581001,0.393617881427119
0.679514915321888,-0.566290115640824,-0.466449337852022,0.606158565840092,0.0739828758319107,0.791895401642365,-0.413933354410808,-0.820847155682743,0.393534147328751
0.682534926142189,-0.564509247628013,-0.464193261410086,0.604909217791551,0.0788418080312655,0.792381730946124,-0.410709040091919,-0.821623111555713,0.395289194064653
0.687280601672453,-0.562354593918996,-0.459785477438068,0.602105337751521,0.0861690527420648,0.793753145883947,-0.406751481768932,-0.822370496181329,0.397819053200388
0.692204660535885,-0.559412817294121,-0.455971498867478,0.599759229874196,0.0936907584216351,0.794676605901476,-0.401831994656611,-0.82355202929446,0.400366211255728
0.696457203836382,-0.555553023528822,-0.454211626086775,0.597957371924387,0.0987127277929483,0.795426161710159,-0.397064960824258,-0.825579512880162,0.400946236792646
0.698635190723075,-0.551466529666189,-0.455843763740673,0.59862624508386,0.100548457233346,0.794692787462421,-0.392412138811601,-0.828080498222866,0.400369081943493
0.698361128410569,-0.549565280895676,-0.458551781546179,0.60022996306696,0.099916051895174,0.793562079493669,-0.3902975113446,-0.82942948732399,0.399643063490003
0.698633879746587,-0.55026998364194,-0.457289456660582,0.598647201937344,0.0987181930444569,0.794906438503693,-0.3922703972202,-0.829103692976047,0.398385493910342
0.698488347135741,-0.551483968259805,-0.456047652847812,0.596653149123113,0.096484427282354,0.796677961872593,-0.395353637030128,-0.82857256152731,0.396437904306742
0.696781758497884,-0.553610671669842,-0.456081577393631,0.596889899670131,0.0942491654744831,0.796768186161536,-0.398114084769265,-0.827404070814646,0.396115739535408
0.695364036413819,-0.555825916544645,-0.45555066387789,0.596922036166883,0.0928820736136795,0.796904638673665,-0.400627796466371,-0.826067129395273,0.396371626672687
0.695151310536906,-0.55772047985441,-0.453555423084973,0.596138158749313,0.093855243360722,0.797377256370332,-0.402145104654489,-0.824679607686697,0.397722088232658
0.696592462388996,-0.558703176915247,-0.45012187399375,0.59475604210701,0.097680330010025,0.797949749988266,-0.401849068724985,-0.823558611661493,0.40033553317568
0.699155660495188,-0.558829907204386,-0.445971408513456,0.592772497468538,0.103441898746795,0.798699279972487,-0.400204953402279,-0.822774786732521,0.403581027291341
0.701750171726478,-0.558799987876232,-0.441915455750738,0.591175235392205,0.110107334777306,0.798991999889367,-0.397818598512308,-0.82194227086143,0.407616567436677
0.703674714965864,-0.559032189505226,-0.438548636544117,0.590706650491499,0.116634950766492,0.798412137510955,-0.395188006972981,-0.820876071510794,0.412297119036416
0.705547142083209,-0.559151909969664,-0.435376126901204,0.590247047418337,0.123250396655303,0.797757959996794,-0.392407615069773,-0.819835339675274,0.416996737942614
0.707013656280509,-0.559895338522909,-0.432028818174417,0.590344765051577,0.130439240020239,0.79654168945457,-0.389626477629163,-0.818211823296913,0.422753616362336
0.707528280030477,-0.560440914465393,-0.430476148410466,0.591940258216591,0.136952924648397,0.794261057293335,-0.386181430102637,-0.816778331398057,0.428645611668296
0.706721534289428,-0.56151488779468,-0.430401793393713,0.595210811750873,0.142339928154544,0.790862462396482,-0.382817707797164,-0.815099379041151,0.434814448798169
0.704778800856715,-0.563288749395658,-0.431268624719266,0.599702438745853,0.147087705523589,0.786588959906051,-0.37964246148904,-0.8130042036638,0.441470006070099
0.702279042829727,-0.565602293240852,-0.432317235236871,0.604135940795611,0.151139101596634,0.782417239717764,-0.377197000484568,-0.810653725818743,0.447842561221725
